4096 4096
169
124 110 125 110 125 657 230 657
324 709 134 709 134 702 4 702
272 428 272 522 721 522 721 917
249 561 325 561 325 875 688 875
188 406 867 406 867 878 890 878
524 1003 891 1003 891 49 989 49
238 476 239 476 239 36 1005 36
326 861 327 861 327 544 521 544
278 58 248 58 248 661 131 661
87 497 88 497 88 115 324 115
630 1838 630 1811 981 1811 981 1536
265 1316 266 1316 266 1359 341 1359
609 1198 616 1198 616 1783 752 1783
302 1462 301 1462 301 1542 286 1542
550 1661 551 1661 551 1588 954 1588
669 1262 670 1262 670 1746 868 1746
161 1172 162 1172 162 1525 297 1525
206 1507 207 1507 207 1382 377 1382
441 1662 440 1662 440 1055 15 1055
615 1677 549 1677 549 1297 517 1297
361 3065 360 3065 360 2710 223 2710
403 2601 403 2520 97 2520 97 2238
1018 2383 1017 2383 1017 2671 463 2671
40 2599 41 2599 41 2335 847 2335
530 2263 710 2263 710 2601 749 2601
233 2403 605 2403 605 2329 802 2329
617 2115 137 2115 137 2900 104 2900
68 2088 68 2111 908 2111 908 2740
25 2786 26 2786 26 2048 698 2048
138 2215 139 2215 139 2976 343 2976
57 2868 58 2868 58 2337 595 2337
954 3512 953 3512 953 3742 879 3742
73 3752 74 3752 74 4009 121 4009
705 3938 706 3938 706 4085 1000 4085
229 3620 230 3620 230 3960 451 3960
872 3554 314 3554 314 3400 61 3400
604 3336 603 3336 603 3517 371 3517
167 3851 167 3619 905 3619 905 3118
51 3351 52 3351 52 3295 1005 3295
311 3371 312 3371 312 3113 505 3113
610 3188 611 3188 611 3449 784 3449
1906 943 1429 943 1429 873 1152 873
1624 666 1390 666 1390 353 1382 353
1654 874 1654 741 1679 741 1679 729
1297 28 1816 28 1816 872 1931 872
1821 289 1821 648 1900 648 1900 738
1487 95 1484 95 1484 427 1391 427
2046 451 1752 451 1752 990 1587 990
1815 191 1653 191 1653 848 1651 848
2042 379 2041 379 2041 447 1173 447
1722 155 1166 155 1166 485 1091 485
1486 417 1485 417 1485 656 1425 656
1325 1037 1324 1037 1324 1604 1295 1604
1329 1071 1796 1071 1796 1842 1801 1842
1271 1291 1272 1291 1272 1307 1778 1307
1783 1236 1784 1236 1784 1842 1795 1842
1891 1428 1525 1428 1525 1535 1366 1535
1650 1557 1651 1557 1651 1813 1890 1813
1148 1570 1149 1570 1149 1802 1933 1802
1053 1311 1362 1311 1362 1126 1385 1126
1081 1542 1526 1542 1526 1460 1944 1460
1619 1470 1618 1470 1618 1922 1538 1922
1876 2000 1452 2000 1452 1568 1098 1568
1961 2779 1960 2779 1960 2332 1788 2332
1704 2991 1667 2991 1667 2566 1143 2566
1370 2165 1370 2331 1641 2331 1641 2470
1990 2222 1683 2222 1683 2396 1634 2396
1814 2165 1682 2165 1682 2362 1394 2362
1215 2498 1214 2498 1214 2097 1182 2097
1603 2089 1826 2089 1826 2191 1885 2191
1670 2926 1669 2926 1669 2490 1651 2490
1948 2966 1668 2966 1668 2607 1105 2607
1822 2682 1821 2682 1821 2558 1747 2558
1149 2670 1192 2670 1192 2895 1271 2895
1889 3597 1802 3597 1802 3371 1558 3371
1572 3835 1571 3835 1571 4090 1068 4090
1371 3965 1370 3965 1370 3450 1127 3450
1942 3325 1941 3325 1941 3944 1843 3944
1281 3781 1318 3781 1318 3988 1350 3988
1304 3528 1303 3528 1303 3590 1181 3590
1037 3205 1038 3205 1038 3355 1217 3355
1595 3272 1594 3272 1594 3181 1396 3181
1204 4049 1126 4049 1126 3162 1082 3162
2018 3245 2018 3281 1429 3281 1429 3377
2299 715 2300 715 2300 950 3045 950
2239 161 2406 161 2406 264 2734 264
2281 596 2282 596 2282 385 2374 385
2854 742 2853 742 2853 552 2817 552
2494 713 2495 713 2495 974 2564 974
2809 276 2486 276 2486 384 2359 384
2931 73 2932 73 2932 511 2969 511
2934 725 2930 725 2930 68 2493 68
2143 988 2283 988 2283 585 2718 585
2704 418 2312 418 2312 200 2244 200
2932 974 2932 599 2533 599 2533 289
2699 1626 2700 1626 2700 1807 2829 1807
2992 1966 2991 1966 2991 2027 2311 2027
2086 2030 2087 2030 2087 1400 2130 1400
2833 1716 2918 1716 2918 1892 3030 1892
2292 1322 2293 1322 2293 1886 2317 1886
2290 1474 2290 1887 2848 1887 2848 1955
3068 1361 3068 1579 2221 1579 2221 1619
2493 1160 2494 1160 2494 2034 2521 2034
2646 2000 2646 1900 2144 1900 2144 1461
2582 1339 2581 1339 2581 1070 2110 1070
2951 1026 2950 1026 2950 1488 2758 1488
2563 2067 2404 2067 2404 2827 2301 2827
2974 2184 2973 2184 2973 2652 2456 2652
2846 2798 2846 2701 2594 2701 2594 2219
2228 2325 2481 2325 2481 2085 2781 2085
2278 2086 2279 2086 2279 2832 2837 2832
2603 2630 2604 2630 2604 2182 2627 2182
2260 2530 2261 2530 2261 2911 2435 2911
2145 2611 2146 2611 2146 2702 2716 2702
2803 2182 2802 2182 2802 2626 2405 2626
2629 2903 2630 2903 2630 2172 2698 2172
2333 2470 2334 2470 2334 2547 2346 2547
2689 3810 2585 3810 2585 3280 2356 3280
2774 3299 2787 3299 2787 3934 2854 3934
2940 4046 2739 4046 2739 3299 2486 3299
2379 3286 2380 3286 2380 3416 2405 3416
2720 3483 2719 3483 2719 3709 2586 3709
2502 3911 2516 3911 2516 3906 2536 3906
2740 3890 2741 3890 2741 3819 2786 3819
2705 3637 2704 3637 2704 3611 2329 3611
2371 4004 2181 4004 2181 3544 2079 3544
2352 3876 2351 3876 2351 3643 2200 3643
2182 4002 2183 4002 2183 3606 2489 3606
3161 102 3162 102 3162 779 3287 779
3386 107 3386 210 4095 210 4095 802
3616 936 3620 936 3620 379 3796 379
3778 498 3778 632 3809 632 3809 814
4073 534 4073 334 3237 334 3237 250
3086 234 3086 242 3165 242 3165 860
3433 931 3434 931 3434 803 3703 803
3356 714 3357 714 3357 339 3637 339
3733 669 3734 669 3734 870 3887 870
3084 212 3238 212 3238 267 3894 267
3287 1214 3288 1214 3288 1713 3711 1713
3660 1279 3659 1279 3659 1037 3117 1037
4046 1077 3268 1077 3268 1226 3176 1226
3434 1776 4025 1776 4025 1031 4026 1031
3189 1654 3924 1654 3924 1278 4051 1278
3096 1609 3097 1609 3097 1065 4024 1065
4039 1056 4039 1066 3858 1066 3858 1601
3550 1385 3550 1581 4080 1581 4080 1927
3369 1725 3988 1725 3988 1873 4001 1873
4063 1885 3266 1885 3266 1659 3245 1659
3878 1651 3533 1651 3533 1566 3390 1566
3727 2255 3727 2279 3105 2279 3105 2750
3890 2467 3727 2467 3727 2324 3197 2324
4039 3046 4039 2730 4065 2730 4065 2516
3555 2975 3556 2975 3556 2733 3932 2733
3534 2143 3655 2143 3655 2712 4046 2712
3639 2101 3728 2101 3728 2388 3807 2388
3127 2860 3127 2730 3255 2730 3255 2198
4051 2961 4050 2961 4050 2119 3567 2119
4005 2795 4004 2795 4004 2854 3234 2854
3419 2807 3418 2807 3418 2628 3240 2628
3659 3124 3218 3124 3218 4072 3217 4072
3682 3741 3681 3741 3681 4038 3546 4038
3187 3691 3188 3691 3188 3259 3744 3259
3373 3249 3373 3832 3727 3832 3727 3955
3741 3784 3740 3784 3740 3751 3219 3751
3512 3831 3513 3831 3513 3696 3661 3696
3239 3724 3240 3724 3240 3895 3596 3895
3596 3852 3287 3852 3287 3756 3158 3756
3738 3181 3738 3409 3447 3409 3447 3786
3921 3499 3920 3499 3920 3803 3689 3803
