4096 4096
169
124 110 130 110 130 657 230 657
324 709 273 709 273 702 4 702
272 428 272 460 721 460 721 917
249 561 325 561 325 875 688 875
188 406 779 406 779 878 890 878
524 1003 935 1003 935 49 989 49
238 476 389 476 389 36 1005 36
326 861 357 861 357 544 521 544
278 58 278 62 131 62 131 661
87 497 128 497 128 115 324 115
630 1838 961 1838 961 1536 981 1536
265 1316 316 1316 316 1359 341 1359
609 1198 640 1198 640 1783 752 1783
302 1462 302 1526 286 1526 286 1542
550 1661 561 1661 561 1588 954 1588
669 1262 680 1262 680 1746 868 1746
161 1172 202 1172 202 1525 297 1525
206 1507 257 1507 257 1382 377 1382
441 1662 430 1662 430 1055 15 1055
615 1677 524 1677 524 1297 517 1297
361 3065 330 3065 330 2710 223 2710
403 2601 403 2586 97 2586 97 2238
1018 2383 590 2383 590 2671 463 2671
40 2599 281 2599 281 2335 847 2335
530 2263 621 2263 621 2601 749 2601
233 2403 254 2403 254 2329 802 2329
617 2115 126 2115 126 2900 104 2900
68 2088 889 2088 889 2740 908 2740
25 2786 26 2786 26 2048 698 2048
138 2215 138 2703 343 2703 343 2976
57 2868 404 2868 404 2337 595 2337
954 3512 954 3628 879 3628 879 3742
73 3752 73 3765 121 3765 121 4009
705 3938 736 3938 736 4085 1000 4085
229 3620 290 3620 290 3960 451 3960
872 3554 851 3554 851 3400 61 3400
604 3336 463 3336 463 3517 371 3517
167 3851 167 3598 905 3598 905 3118
51 3351 122 3351 122 3295 1005 3295
311 3371 332 3371 332 3113 505 3113
610 3188 621 3188 621 3449 784 3449
1906 943 1625 943 1625 873 1152 873
1624 666 1624 657 1382 657 1382 353
1654 874 1654 838 1679 838 1679 729
1297 28 1918 28 1918 872 1931 872
1821 289 1821 665 1900 665 1900 738
1487 95 1487 396 1391 396 1391 427
2046 451 2025 451 2025 990 1587 990
1815 191 1653 191 1653 848 1651 848
2042 379 2042 406 1173 406 1173 447
1722 155 1131 155 1131 485 1091 485
1486 417 1486 427 1425 427 1425 656
1325 1037 1314 1037 1314 1604 1295 1604
1329 1071 1329 1080 1801 1080 1801 1842
1271 1291 1272 1291 1272 1307 1778 1307
1783 1236 1783 1265 1795 1265 1795 1842
1891 1428 1580 1428 1580 1535 1366 1535
1650 1557 1651 1557 1651 1813 1890 1813
1148 1570 1199 1570 1199 1802 1933 1802
1053 1311 1074 1311 1074 1126 1385 1126
1081 1542 1081 1530 1944 1530 1944 1460
1619 1470 1588 1470 1588 1922 1538 1922
1876 2000 1380 2000 1380 1568 1098 1568
1961 2779 1950 2779 1950 2332 1788 2332
1704 2991 1593 2991 1593 2566 1143 2566
1370 2165 1381 2165 1381 2470 1641 2470
1990 2222 1787 2222 1787 2396 1634 2396
1814 2165 1743 2165 1743 2362 1394 2362
1215 2498 1214 2498 1214 2097 1182 2097
1603 2089 1824 2089 1824 2191 1885 2191
1670 2926 1670 2904 1651 2904 1651 2490
1948 2966 1607 2966 1607 2607 1105 2607
1822 2682 1821 2682 1821 2558 1747 2558
1149 2670 1150 2670 1150 2895 1271 2895
1889 3597 1848 3597 1848 3371 1558 3371
1572 3835 1521 3835 1521 4090 1068 4090
1371 3965 1371 3728 1127 3728 1127 3450
1942 3325 1941 3325 1941 3944 1843 3944
1281 3781 1281 3783 1350 3783 1350 3988
1304 3528 1263 3528 1263 3590 1181 3590
1037 3205 1078 3205 1078 3355 1217 3355
1595 3272 1594 3272 1594 3181 1396 3181
1204 4049 1204 3955 1082 3955 1082 3162
2018 3245 2018 3317 1429 3317 1429 3377
2299 715 2300 715 2300 950 3045 950
2239 161 2260 161 2260 264 2734 264
2281 596 2352 596 2352 385 2374 385
2854 742 2853 742 2853 552 2817 552
2494 713 2525 713 2525 974 2564 974
2809 276 2518 276 2518 384 2359 384
2931 73 2931 86 2969 86 2969 511
2934 725 2934 225 2493 225 2493 68
2143 988 2143 662 2718 662 2718 585
2704 418 2704 367 2244 367 2244 200
2932 974 2901 974 2901 289 2533 289
2699 1626 2730 1626 2730 1807 2829 1807
2992 1966 2991 1966 2991 2027 2311 2027
2086 2030 2086 1520 2130 1520 2130 1400
2833 1716 2874 1716 2874 1892 3030 1892
2292 1322 2292 1448 2317 1448 2317 1886
2290 1474 2291 1474 2291 1955 2848 1955
3068 1361 3057 1361 3057 1619 2221 1619
2493 1160 2493 1189 2521 1189 2521 2034
2646 2000 2195 2000 2195 1461 2144 1461
2582 1339 2581 1339 2581 1070 2110 1070
2951 1026 2900 1026 2900 1488 2758 1488
2563 2067 2402 2067 2402 2827 2301 2827
2974 2184 2933 2184 2933 2652 2456 2652
2846 2798 2785 2798 2785 2219 2594 2219
2228 2325 2259 2325 2259 2085 2781 2085
2278 2086 2299 2086 2299 2832 2837 2832
2603 2630 2603 2603 2627 2603 2627 2182
2260 2530 2260 2836 2435 2836 2435 2911
2145 2611 2216 2611 2216 2702 2716 2702
2803 2182 2592 2182 2592 2626 2405 2626
2629 2903 2680 2903 2680 2172 2698 2172
2333 2470 2333 2528 2346 2528 2346 2547
2689 3810 2568 3810 2568 3280 2356 3280
2774 3299 2825 3299 2825 3934 2854 3934
2940 4046 2499 4046 2499 3299 2486 3299
2379 3286 2379 3321 2405 3321 2405 3416
2720 3483 2709 3483 2709 3709 2586 3709
2502 3911 2513 3911 2513 3906 2536 3906
2740 3890 2740 3875 2786 3875 2786 3819
2705 3637 2689 3637 2689 3611 2329 3611
2371 4004 2180 4004 2180 3544 2079 3544
2352 3876 2331 3876 2331 3643 2200 3643
2182 4002 2193 4002 2193 3606 2489 3606
3161 102 3162 102 3162 779 3287 779
3386 107 3386 149 4095 149 4095 802
3616 936 3717 936 3717 379 3796 379
3778 498 3778 528 3809 528 3809 814
4073 534 4073 329 3237 329 3237 250
3086 234 3117 234 3117 860 3165 860
3433 931 3484 931 3484 803 3703 803
3356 714 3427 714 3427 339 3637 339
3733 669 3734 669 3734 870 3887 870
3084 212 3566 212 3566 267 3894 267
3287 1214 3287 1489 3711 1489 3711 1713
3660 1279 3599 1279 3599 1037 3117 1037
4046 1077 3265 1077 3265 1226 3176 1226
3434 1776 3434 1757 4026 1757 4026 1031
3189 1654 3910 1654 3910 1278 4051 1278
3096 1609 3117 1609 3117 1065 4024 1065
4039 1056 4039 1126 3858 1126 3858 1601
3550 1385 3945 1385 3945 1927 4080 1927
3369 1725 3370 1725 3370 1873 4001 1873
4063 1885 3368 1885 3368 1659 3245 1659
3878 1651 3827 1651 3827 1566 3390 1566
3727 2255 3116 2255 3116 2750 3105 2750
3890 2467 3799 2467 3799 2324 3197 2324
4039 3046 4060 3046 4060 2516 4065 2516
3555 2975 3566 2975 3566 2733 3932 2733
3534 2143 3772 2143 3772 2712 4046 2712
3639 2101 3639 2124 3807 2124 3807 2388
3127 2860 3127 2471 3255 2471 3255 2198
4051 2961 4050 2961 4050 2119 3567 2119
4005 2795 4004 2795 4004 2854 3234 2854
3419 2807 3388 2807 3388 2628 3240 2628
3659 3124 3659 3173 3217 3173 3217 4072
3682 3741 3661 3741 3661 4038 3546 4038
3187 3691 3188 3691 3188 3259 3744 3259
3373 3249 3684 3249 3684 3955 3727 3955
3741 3784 3740 3784 3740 3751 3219 3751
3512 3831 3542 3831 3542 3696 3661 3696
3239 3724 3310 3724 3310 3895 3596 3895
3596 3852 3435 3852 3435 3756 3158 3756
3738 3181 3537 3181 3537 3786 3447 3786
3921 3499 3841 3499 3841 3803 3689 3803
