4096 4096
169
124 110 140 110 140 657 230 657
324 709 293 709 293 702 4 702
272 428 272 564 721 564 721 917
249 561 325 561 325 875 688 875
188 406 729 406 729 878 890 878
524 1003 868 1003 868 49 989 49
238 476 334 476 334 36 1005 36
326 861 337 861 337 544 521 544
278 58 162 58 162 661 131 661
87 497 93 497 93 115 324 115
630 1838 981 1838 981 1536
265 1316 266 1316 266 1359 341 1359
609 1198 645 1198 645 1783 752 1783
302 1462 302 1526 286 1526 286 1542
550 1661 566 1661 566 1588 954 1588
669 1262 685 1262 685 1746 868 1746
161 1172 197 1172 197 1525 297 1525
206 1507 207 1507 207 1382 377 1382
441 1662 425 1662 425 1055 15 1055
615 1677 519 1677 519 1297 517 1297
361 3065 325 3065 325 2710 223 2710
403 2601 222 2601 222 2238 97 2238
1018 2383 997 2383 997 2671 463 2671
40 2599 56 2599 56 2335 847 2335
530 2263 631 2263 631 2601 749 2601
233 2403 599 2403 599 2329 802 2329
617 2115 116 2115 116 2900 104 2900
68 2088 849 2088 849 2740 908 2740
25 2786 25 2087 698 2087 698 2048
138 2215 269 2215 269 2976 343 2976
57 2868 63 2868 63 2337 595 2337
954 3512 953 3512 953 3742 879 3742
73 3752 73 3916 121 3916 121 4009
705 3938 721 3938 721 4085 1000 4085
229 3620 250 3620 250 3960 451 3960
872 3554 366 3554 366 3400 61 3400
604 3336 573 3336 573 3517 371 3517
167 3851 167 3598 905 3598 905 3118
51 3351 77 3351 77 3295 1005 3295
311 3371 342 3371 342 3113 505 3113
610 3188 642 3188 642 3449 784 3449
1906 943 1620 943 1620 873 1152 873
1624 666 1390 666 1390 353 1382 353
1654 874 1679 874 1679 729
1297 28 1818 28 1818 872 1931 872
1821 289 1857 289 1857 738 1900 738
1487 95 1485 95 1485 427 1391 427
2046 451 2010 451 2010 990 1587 990
1815 191 1654 191 1654 848 1651 848
2042 379 2016 379 2016 447 1173 447
1722 155 1161 155 1161 485 1091 485
1486 417 1486 428 1425 428 1425 656
1325 1037 1319 1037 1319 1604 1295 1604
1329 1071 1329 1085 1801 1085 1801 1842
1271 1291 1292 1291 1292 1307 1778 1307
1783 1236 1783 1240 1795 1240 1795 1842
1891 1428 1605 1428 1605 1535 1366 1535
1650 1557 1650 1585 1890 1585 1890 1813
1148 1570 1588 1570 1588 1802 1933 1802
1053 1311 1074 1311 1074 1126 1385 1126
1081 1542 1607 1542 1607 1460 1944 1460
1619 1470 1619 1575 1538 1575 1538 1922
1876 2000 1115 2000 1115 1568 1098 1568
1961 2779 1961 2417 1788 2417 1788 2332
1704 2991 1648 2991 1648 2566 1143 2566
1370 2165 1370 2410 1641 2410 1641 2470
1990 2222 1774 2222 1774 2396 1634 2396
1814 2165 1758 2165 1758 2362 1394 2362
1215 2498 1214 2498 1214 2097 1182 2097
1603 2089 1849 2089 1849 2191 1885 2191
1670 2926 1659 2926 1659 2490 1651 2490
1948 2966 1642 2966 1642 2607 1105 2607
1822 2682 1821 2682 1821 2558 1747 2558
1149 2670 1165 2670 1165 2895 1271 2895
1889 3597 1878 3597 1878 3371 1558 3371
1572 3835 1556 3835 1556 4090 1068 4090
1371 3965 1360 3965 1360 3450 1127 3450
1942 3325 1941 3325 1941 3944 1843 3944
1281 3781 1281 3850 1350 3850 1350 3988
1304 3528 1303 3528 1303 3590 1181 3590
1037 3205 1053 3205 1053 3355 1217 3355
1595 3272 1559 3272 1559 3181 1396 3181
1204 4049 1088 4049 1088 3162 1082 3162
2018 3245 2018 3273 1429 3273 1429 3377
2299 715 2330 715 2330 950 3045 950
2239 161 2340 161 2340 264 2734 264
2281 596 2297 596 2297 385 2374 385
2854 742 2823 742 2823 552 2817 552
2494 713 2520 713 2520 974 2564 974
2809 276 2523 276 2523 384 2359 384
2931 73 2937 73 2937 511 2969 511
2934 725 2934 255 2493 255 2493 68
2143 988 2143 707 2718 707 2718 585
2704 418 2333 418 2333 200 2244 200
2932 974 2926 974 2926 289 2533 289
2699 1626 2715 1626 2715 1807 2829 1807
2992 1966 2971 1966 2971 2027 2311 2027
2086 2030 2129 2030 2129 1400 2130 1400
2833 1716 2864 1716 2864 1892 3030 1892
2292 1322 2292 1328 2317 1328 2317 1886
2290 1474 2306 1474 2306 1955 2848 1955
3068 1361 3032 1361 3032 1619 2221 1619
2493 1160 2494 1160 2494 2034 2521 2034
2646 2000 2180 2000 2180 1461 2144 1461
2582 1339 2327 1339 2327 1070 2110 1070
2951 1026 2930 1026 2930 1488 2758 1488
2563 2067 2404 2067 2404 2827 2301 2827
2974 2184 2973 2184 2973 2652 2456 2652
2846 2798 2846 2699 2594 2699 2594 2219
2228 2325 2244 2325 2244 2085 2781 2085
2278 2086 2279 2086 2279 2832 2837 2832
2603 2630 2614 2630 2614 2182 2627 2182
2260 2530 2276 2530 2276 2911 2435 2911
2145 2611 2166 2611 2166 2702 2716 2702
2803 2182 2803 2195 2405 2195 2405 2626
2629 2903 2655 2903 2655 2172 2698 2172
2333 2470 2333 2493 2346 2493 2346 2547
2689 3810 2568 3810 2568 3280 2356 3280
2774 3299 2835 3299 2835 3934 2854 3934
2940 4046 2559 4046 2559 3299 2486 3299
2379 3286 2400 3286 2400 3416 2405 3416
2720 3483 2720 3660 2586 3660 2586 3709
2502 3911 2523 3911 2523 3906 2536 3906
2740 3890 2746 3890 2746 3819 2786 3819
2705 3637 2679 3637 2679 3611 2329 3611
2371 4004 2160 4004 2160 3544 2079 3544
2352 3876 2316 3876 2316 3643 2200 3643
2182 4002 2193 4002 2193 3606 2489 3606
3161 102 3161 419 3287 419 3287 779
3386 107 3772 107 3772 802 4095 802
3616 936 3717 936 3717 379 3796 379
3778 498 3778 503 3809 503 3809 814
4073 534 4073 319 3237 319 3237 250
3086 234 3107 234 3107 860 3165 860
3433 931 3464 931 3464 803 3703 803
3356 714 3392 714 3392 339 3637 339
3733 669 3744 669 3744 870 3887 870
3084 212 3240 212 3240 267 3894 267
3287 1214 3298 1214 3298 1713 3711 1713
3660 1279 3649 1279 3649 1037 3117 1037
4046 1077 3286 1077 3286 1226 3176 1226
3434 1776 3890 1776 3890 1031 4026 1031
3189 1654 3989 1654 3989 1278 4051 1278
3096 1609 3117 1609 3117 1065 4024 1065
4039 1056 4039 1086 3858 1086 3858 1601
3550 1385 3550 1636 4080 1636 4080 1927
3369 1725 3390 1725 3390 1873 4001 1873
4063 1885 4013 1885 4013 1659 3245 1659
3878 1651 3522 1651 3522 1566 3390 1566
3727 2255 3161 2255 3161 2750 3105 2750
3890 2467 3744 2467 3744 2324 3197 2324
4039 3046 4065 3046 4065 2516
3555 2975 3576 2975 3576 2733 3932 2733
3534 2143 3915 2143 3915 2712 4046 2712
3639 2101 3760 2101 3760 2388 3807 2388
3127 2860 3153 2860 3153 2198 3255 2198
4051 2961 4051 2134 3567 2134 3567 2119
4005 2795 3984 2795 3984 2854 3234 2854
3419 2807 3388 2807 3388 2628 3240 2628
3659 3124 3659 3133 3217 3133 3217 4072
3682 3741 3646 3741 3646 4038 3546 4038
3187 3691 3208 3691 3208 3259 3744 3259
3373 3249 3683 3249 3683 3955 3727 3955
3741 3784 3715 3784 3715 3751 3219 3751
3512 3831 3548 3831 3548 3696 3661 3696
3239 3724 3255 3724 3255 3895 3596 3895
3596 3852 3415 3852 3415 3756 3158 3756
3738 3181 3527 3181 3527 3786 3447 3786
3921 3499 3905 3499 3905 3803 3689 3803
