4096 4096
169
124 110 185 110 185 657 230 657
324 709 303 709 303 702 4 702
272 428 523 428 523 917 721 917
249 561 325 561 325 875 688 875
188 406 689 406 689 878 890 878
524 1003 895 1003 895 49 989 49
238 476 239 476 239 36 1005 36
326 861 367 861 367 544 521 544
278 58 247 58 247 661 131 661
87 497 128 497 128 115 324 115
630 1838 961 1838 961 1536 981 1536
265 1316 266 1316 266 1359 341 1359
609 1198 660 1198 660 1783 752 1783
302 1462 301 1462 301 1542 286 1542
550 1661 621 1661 621 1588 954 1588
669 1262 710 1262 710 1746 868 1746
161 1172 202 1172 202 1525 297 1525
206 1507 227 1507 227 1382 377 1382
441 1662 380 1662 380 1055 15 1055
615 1677 544 1677 544 1297 517 1297
361 3065 290 3065 290 2710 223 2710
403 2601 132 2601 132 2238 97 2238
1018 2383 957 2383 957 2671 463 2671
40 2599 241 2599 241 2335 847 2335
530 2263 601 2263 601 2601 749 2601
233 2403 234 2403 234 2329 802 2329
617 2115 136 2115 136 2900 104 2900
68 2088 849 2088 849 2740 908 2740
25 2786 26 2786 26 2048 698 2048
138 2215 138 2404 343 2404 343 2976
57 2868 57 2665 595 2665 595 2337
954 3512 883 3512 883 3742 879 3742
73 3752 73 3755 121 3755 121 4009
705 3938 776 3938 776 4085 1000 4085
229 3620 290 3620 290 3960 451 3960
872 3554 361 3554 361 3400 61 3400
604 3336 543 3336 543 3517 371 3517
167 3851 878 3851 878 3118 905 3118
51 3351 82 3351 82 3295 1005 3295
311 3371 322 3371 322 3113 505 3113
610 3188 641 3188 641 3449 784 3449
1906 943 1645 943 1645 873 1152 873
1624 666 1390 666 1390 353 1382 353
1654 874 1654 838 1679 838 1679 729
1297 28 1818 28 1818 872 1931 872
1821 289 1852 289 1852 738 1900 738
1487 95 1476 95 1476 427 1391 427
2046 451 1975 451 1975 990 1587 990
1815 191 1815 198 1651 198 1651 848
2042 379 1484 379 1484 447 1173 447
1722 155 1171 155 1171 485 1091 485
1486 417 1485 417 1485 656 1425 656
1325 1037 1325 1048 1295 1048 1295 1604
1329 1071 1800 1071 1800 1842 1801 1842
1271 1291 1282 1291 1282 1307 1778 1307
1783 1236 1783 1245 1795 1245 1795 1842
1891 1428 1540 1428 1540 1535 1366 1535
1650 1557 1701 1557 1701 1813 1890 1813
1148 1570 1219 1570 1219 1802 1933 1802
1053 1311 1124 1311 1124 1126 1385 1126
1081 1542 1542 1542 1542 1460 1944 1460
1619 1470 1608 1470 1608 1922 1538 1922
1876 2000 1145 2000 1145 1568 1098 1568
1961 2779 1890 2779 1890 2332 1788 2332
1704 2991 1643 2991 1643 2566 1143 2566
1370 2165 1391 2165 1391 2470 1641 2470
1990 2222 1779 2222 1779 2396 1634 2396
1814 2165 1753 2165 1753 2362 1394 2362
1215 2498 1215 2490 1182 2490 1182 2097
1603 2089 1824 2089 1824 2191 1885 2191
1670 2926 1659 2926 1659 2490 1651 2490
1948 2966 1657 2966 1657 2607 1105 2607
1822 2682 1821 2682 1821 2558 1747 2558
1149 2670 1150 2670 1150 2895 1271 2895
1889 3597 1828 3597 1828 3371 1558 3371
1572 3835 1531 3835 1531 4090 1068 4090
1371 3965 1310 3965 1310 3450 1127 3450
1942 3325 1891 3325 1891 3944 1843 3944
1281 3781 1282 3781 1282 3988 1350 3988
1304 3528 1293 3528 1293 3590 1181 3590
1037 3205 1098 3205 1098 3355 1217 3355
1595 3272 1524 3272 1524 3181 1396 3181
1204 4049 1126 4049 1126 3162 1082 3162
2018 3245 2018 3277 1429 3277 1429 3377
2299 715 2370 715 2370 950 3045 950
2239 161 2310 161 2310 264 2734 264
2281 596 2352 596 2352 385 2374 385
2854 742 2823 742 2823 552 2817 552
2494 713 2505 713 2505 974 2564 974
2809 276 2528 276 2528 384 2359 384
2931 73 2942 73 2942 511 2969 511
2934 725 2923 725 2923 68 2493 68
2143 988 2143 712 2718 712 2718 585
2704 418 2309 418 2309 200 2244 200
2932 974 2871 974 2871 289 2533 289
2699 1626 2770 1626 2770 1807 2829 1807
2992 1966 2951 1966 2951 2027 2311 2027
2086 2030 2086 2023 2130 2023 2130 1400
2833 1716 2834 1716 2834 1892 3030 1892
2292 1322 2293 1322 2293 1886 2317 1886
2290 1474 2291 1474 2291 1955 2848 1955
3068 1361 3007 1361 3007 1619 2221 1619
2493 1160 2504 1160 2504 2034 2521 2034
2646 2000 2215 2000 2215 1461 2144 1461
2582 1339 2521 1339 2521 1070 2110 1070
2951 1026 2880 1026 2880 1488 2758 1488
2563 2067 2402 2067 2402 2827 2301 2827
2974 2184 2903 2184 2903 2652 2456 2652
2846 2798 2846 2699 2594 2699 2594 2219
2228 2325 2269 2325 2269 2085 2781 2085
2278 2086 2299 2086 2299 2832 2837 2832
2603 2630 2603 2623 2627 2623 2627 2182
2260 2530 2291 2530 2291 2911 2435 2911
2145 2611 2196 2611 2196 2702 2716 2702
2803 2182 2592 2182 2592 2626 2405 2626
2629 2903 2650 2903 2650 2172 2698 2172
2333 2470 2333 2478 2346 2478 2346 2547
2689 3810 2578 3810 2578 3280 2356 3280
2774 3299 2835 3299 2835 3934 2854 3934
2940 4046 2739 4046 2739 3299 2486 3299
2379 3286 2400 3286 2400 3416 2405 3416
2720 3483 2709 3483 2709 3709 2586 3709
2502 3911 2523 3911 2523 3906 2536 3906
2740 3890 2741 3890 2741 3819 2786 3819
2705 3637 2704 3637 2704 3611 2329 3611
2371 4004 2180 4004 2180 3544 2079 3544
2352 3876 2341 3876 2341 3643 2200 3643
2182 4002 2193 4002 2193 3606 2489 3606
3161 102 3232 102 3232 779 3287 779
3386 107 4077 107 4077 802 4095 802
3616 936 3707 936 3707 379 3796 379
3778 498 3778 508 3809 508 3809 814
4073 534 4052 534 4052 250 3237 250
3086 234 3157 234 3157 860 3165 860
3433 931 3494 931 3494 803 3703 803
3356 714 3407 714 3407 339 3637 339
3733 669 3764 669 3764 870 3887 870
3084 212 3158 212 3158 267 3894 267
3287 1214 3358 1214 3358 1713 3711 1713
3660 1279 3589 1279 3589 1037 3117 1037
4046 1077 3275 1077 3275 1226 3176 1226
3434 1776 4025 1776 4025 1031 4026 1031
3189 1654 4030 1654 4030 1278 4051 1278
3096 1609 3137 1609 3137 1065 4024 1065
4039 1056 4028 1056 4028 1601 3858 1601
3550 1385 4071 1385 4071 1927 4080 1927
3369 1725 3430 1725 3430 1873 4001 1873
4063 1885 3352 1885 3352 1659 3245 1659
3878 1651 3857 1651 3857 1566 3390 1566
3727 2255 3196 2255 3196 2750 3105 2750
3890 2467 3729 2467 3729 2324 3197 2324
4039 3046 4039 3041 4065 3041 4065 2516
3555 2975 3596 2975 3596 2733 3932 2733
3534 2143 3728 2143 3728 2712 4046 2712
3639 2101 3730 2101 3730 2388 3807 2388
3127 2860 3178 2860 3178 2198 3255 2198
4051 2961 4050 2961 4050 2119 3567 2119
4005 2795 3984 2795 3984 2854 3234 2854
3419 2807 3418 2807 3418 2628 3240 2628
3659 3124 3218 3124 3218 4072 3217 4072
3682 3741 3651 3741 3651 4038 3546 4038
3187 3691 3258 3691 3258 3259 3744 3259
3373 3249 3684 3249 3684 3955 3727 3955
3741 3784 3720 3784 3720 3751 3219 3751
3512 3831 3583 3831 3583 3696 3661 3696
3239 3724 3240 3724 3240 3895 3596 3895
3596 3852 3445 3852 3445 3756 3158 3756
3738 3181 3582 3181 3582 3786 3447 3786
3921 3499 3850 3499 3850 3803 3689 3803
