4096 4096
169
124 110 185 110 185 657 230 657
324 709 323 709 323 702 4 702
272 428 693 428 693 917 721 917
249 561 325 561 325 875 688 875
188 406 699 406 699 878 890 878
524 1003 895 1003 895 49 989 49
238 476 239 476 239 36 1005 36
326 861 397 861 397 544 521 544
278 58 247 58 247 661 131 661
87 497 128 497 128 115 324 115
630 1838 961 1838 961 1536 981 1536
265 1316 266 1316 266 1359 341 1359
609 1198 609 1235 752 1235 752 1783
302 1462 301 1462 301 1542 286 1542
550 1661 611 1661 611 1588 954 1588
669 1262 670 1262 670 1746 868 1746
161 1172 161 1295 297 1295 297 1525
206 1507 310 1507 310 1382 377 1382
441 1662 390 1662 390 1055 15 1055
615 1677 544 1677 544 1297 517 1297
361 3065 310 3065 310 2710 223 2710
403 2601 132 2601 132 2238 97 2238
1018 2383 957 2383 957 2671 463 2671
40 2599 701 2599 701 2335 847 2335
530 2263 601 2263 601 2601 749 2601
233 2403 699 2403 699 2329 802 2329
617 2115 136 2115 136 2900 104 2900
68 2088 849 2088 849 2740 908 2740
25 2786 36 2786 36 2048 698 2048
138 2215 138 2440 343 2440 343 2976
57 2868 108 2868 108 2337 595 2337
954 3512 883 3512 883 3742 879 3742
73 3752 73 3775 121 3775 121 4009
705 3938 776 3938 776 4085 1000 4085
229 3620 300 3620 300 3960 451 3960
872 3554 361 3554 361 3400 61 3400
604 3336 573 3336 573 3517 371 3517
167 3851 878 3851 878 3118 905 3118
51 3351 92 3351 92 3295 1005 3295
311 3371 312 3371 312 3113 505 3113
610 3188 621 3188 621 3449 784 3449
1906 943 1645 943 1645 873 1152 873
1624 666 1390 666 1390 353 1382 353
1654 874 1655 874 1655 729 1679 729
1297 28 1818 28 1818 872 1931 872
1821 289 1892 289 1892 738 1900 738
1487 95 1436 95 1436 427 1391 427
2046 451 1793 451 1793 990 1587 990
1815 191 1654 191 1654 848 1651 848
2042 379 1484 379 1484 447 1173 447
1722 155 1171 155 1171 485 1091 485
1486 417 1485 417 1485 656 1425 656
1325 1037 1325 1402 1295 1402 1295 1604
1329 1071 1800 1071 1800 1842 1801 1842
1271 1291 1282 1291 1282 1307 1778 1307
1783 1236 1783 1285 1795 1285 1795 1842
1891 1428 1430 1428 1430 1535 1366 1535
1650 1557 1651 1557 1651 1813 1890 1813
1148 1570 1209 1570 1209 1802 1933 1802
1053 1311 1104 1311 1104 1126 1385 1126
1081 1542 1432 1542 1432 1460 1944 1460
1619 1470 1578 1470 1578 1922 1538 1922
1876 2000 1145 2000 1145 1568 1098 1568
1961 2779 1910 2779 1910 2332 1788 2332
1704 2991 1633 2991 1633 2566 1143 2566
1370 2165 1371 2165 1371 2470 1641 2470
1990 2222 1779 2222 1779 2396 1634 2396
1814 2165 1773 2165 1773 2362 1394 2362
1215 2498 1215 2480 1182 2480 1182 2097
1603 2089 1824 2089 1824 2191 1885 2191
1670 2926 1659 2926 1659 2490 1651 2490
1948 2966 1657 2966 1657 2607 1105 2607
1822 2682 1821 2682 1821 2558 1747 2558
1149 2670 1149 2693 1271 2693 1271 2895
1889 3597 1888 3597 1888 3371 1558 3371
1572 3835 1501 3835 1501 4090 1068 4090
1371 3965 1370 3965 1370 3450 1127 3450
1942 3325 1891 3325 1891 3944 1843 3944
1281 3781 1282 3781 1282 3988 1350 3988
1304 3528 1303 3528 1303 3590 1181 3590
1037 3205 1078 3205 1078 3355 1217 3355
1595 3272 1534 3272 1534 3181 1396 3181
1204 4049 1126 4049 1126 3162 1082 3162
2018 3245 2018 3277 1429 3277 1429 3377
2299 715 2370 715 2370 950 3045 950
2239 161 2310 161 2310 264 2734 264
2281 596 2282 596 2282 385 2374 385
2854 742 2854 728 2817 728 2817 552
2494 713 2495 713 2495 974 2564 974
2809 276 2528 276 2528 384 2359 384
2931 73 2938 73 2938 511 2969 511
2934 725 2923 725 2923 68 2493 68
2143 988 2143 666 2718 666 2718 585
2704 418 2309 418 2309 200 2244 200
2932 974 2891 974 2891 289 2533 289
2699 1626 2770 1626 2770 1807 2829 1807
2992 1966 2921 1966 2921 2027 2311 2027
2086 2030 2087 2030 2087 1400 2130 1400
2833 1716 2834 1716 2834 1892 3030 1892
2292 1322 2303 1322 2303 1886 2317 1886
2290 1474 2301 1474 2301 1955 2848 1955
3068 1361 3037 1361 3037 1619 2221 1619
2493 1160 2493 1203 2521 1203 2521 2034
2646 2000 2215 2000 2215 1461 2144 1461
2582 1339 2541 1339 2541 1070 2110 1070
2951 1026 2950 1026 2950 1488 2758 1488
2563 2067 2404 2067 2404 2827 2301 2827
2974 2184 2913 2184 2913 2652 2456 2652
2846 2798 2596 2798 2596 2219 2594 2219
2228 2325 2269 2325 2269 2085 2781 2085
2278 2086 2299 2086 2299 2832 2837 2832
2603 2630 2603 2583 2627 2583 2627 2182
2260 2530 2291 2530 2291 2911 2435 2911
2145 2611 2166 2611 2166 2702 2716 2702
2803 2182 2592 2182 2592 2626 2405 2626
2629 2903 2640 2903 2640 2172 2698 2172
2333 2470 2334 2470 2334 2547 2346 2547
2689 3810 2578 3810 2578 3280 2356 3280
2774 3299 2845 3299 2845 3934 2854 3934
2940 4046 2729 4046 2729 3299 2486 3299
2379 3286 2380 3286 2380 3416 2405 3416
2720 3483 2709 3483 2709 3709 2586 3709
2502 3911 2523 3911 2523 3906 2536 3906
2740 3890 2751 3890 2751 3819 2786 3819
2705 3637 2704 3637 2704 3611 2329 3611
2371 4004 2371 3574 2079 3574 2079 3544
2352 3876 2351 3876 2351 3643 2200 3643
2182 4002 2183 4002 2183 3606 2489 3606
3161 102 3232 102 3232 779 3287 779
3386 107 4077 107 4077 802 4095 802
3616 936 3707 936 3707 379 3796 379
3778 498 3779 498 3779 814 3809 814
4073 534 4073 338 3237 338 3237 250
3086 234 3157 234 3157 860 3165 860
3433 931 3504 931 3504 803 3703 803
3356 714 3387 714 3387 339 3637 339
3733 669 3754 669 3754 870 3887 870
3084 212 3238 212 3238 267 3894 267
3287 1214 3298 1214 3298 1713 3711 1713
3660 1279 3589 1279 3589 1037 3117 1037
4046 1077 3285 1077 3285 1226 3176 1226
3434 1776 4025 1776 4025 1031 4026 1031
3189 1654 4030 1654 4030 1278 4051 1278
3096 1609 3974 1609 3974 1065 4024 1065
4039 1056 3968 1056 3968 1601 3858 1601
3550 1385 4071 1385 4071 1927 4080 1927
3369 1725 3420 1725 3420 1873 4001 1873
4063 1885 3292 1885 3292 1659 3245 1659
3878 1651 3817 1651 3817 1566 3390 1566
3727 2255 3196 2255 3196 2750 3105 2750
3890 2467 3799 2467 3799 2324 3197 2324
4039 3046 4039 3001 4065 3001 4065 2516
3555 2975 3661 2975 3661 2733 3932 2733
3534 2143 3895 2143 3895 2712 4046 2712
3639 2101 3800 2101 3800 2388 3807 2388
3127 2860 3178 2860 3178 2198 3255 2198
4051 2961 4050 2961 4050 2119 3567 2119
4005 2795 4004 2795 4004 2854 3234 2854
3419 2807 3418 2807 3418 2628 3240 2628
3659 3124 3218 3124 3218 4072 3217 4072
3682 3741 3651 3741 3651 4038 3546 4038
3187 3691 3556 3691 3556 3259 3744 3259
3373 3249 3684 3249 3684 3955 3727 3955
3741 3784 3740 3784 3740 3751 3219 3751
3512 3831 3583 3831 3583 3696 3661 3696
3239 3724 3270 3724 3270 3895 3596 3895
3596 3852 3445 3852 3445 3756 3158 3756
3738 3181 3582 3181 3582 3786 3447 3786
3921 3499 3850 3499 3850 3803 3689 3803
