4096 4096
1123
619 1017 619 534 130 534 130 66
3 472 352 472 352 831 936 831
607 855 606 855 606 535 563 535
200 807 91 807 91 996 63 996
866 320 866 301 119 301 119 102
227 98 228 98 228 124 893 124
17 293 18 293 18 881 159 881
353 371 354 371 354 995 554 995
267 826 268 826 268 307 608 307
538 968 539 968 539 638 1019 638
28 975 91 975 91 720 531 720
651 125 838 125 838 1012 996 1012
1004 556 126 556 126 793 22 793
858 191 858 263 14 263 14 488
893 770 892 770 892 885 684 885
403 351 391 351 391 211 181 211
154 186 154 465 771 465 771 952
173 668 174 668 174 692 1006 692
884 995 884 984 475 984 475 915
674 33 838 33 838 654 1009 654
224 183 224 263 628 263 628 893
543 30 838 30 838 764 849 764
599 865 598 865 598 447 398 447
857 503 856 503 856 272 396 272
213 959 214 959 214 915 714 915
503 302 502 302 502 894 372 894
551 921 551 682 813 682 813 619
845 131 859 131 859 228 917 228
561 48 454 48 454 227 290 227
690 668 691 668 691 169 837 169
252 262 253 262 253 101 504 101
89 785 90 785 90 634 123 634
753 73 753 507 32 507 32 928
558 562 558 496 94 496 94 156
59 991 332 991 332 737 867 737
8 1453 8 1340 723 1340 723 1303
185 1464 185 1492 766 1492 766 1996
205 1178 281 1178 281 1363 482 1363
964 1089 964 1093 340 1093 340 1870
1003 1067 1000 1067 1000 1810 921 1810
259 1416 259 1902 855 1902 855 2006
795 1116 444 1116 444 1333 82 1333
842 1762 843 1762 843 1527 848 1527
611 1303 610 1303 610 1275 362 1275
353 1895 353 1340 599 1340 599 1157
126 1839 269 1839 269 1825 339 1825
330 1038 329 1038 329 1568 323 1568
658 1503 659 1503 659 1742 953 1742
360 1597 519 1597 519 1448 902 1448
829 1865 608 1865 608 1549 453 1549
703 1603 529 1603 529 1978 472 1978
301 1338 302 1338 302 1263 777 1263
960 1493 959 1493 959 1374 184 1374
785 1767 453 1767 453 1819 379 1819
150 1873 151 1873 151 1178 927 1178
543 2046 543 2029 1016 2029 1016 1874
501 1369 501 1625 320 1625 320 1871
178 1968 178 1612 441 1612 441 1523
681 1803 681 1802 270 1802 270 1400
300 1739 534 1739 534 1524 571 1524
130 1258 281 1258 281 1380 684 1380
988 1048 482 1048 482 1068 37 1068
343 1380 344 1380 344 1115 547 1115
695 1074 702 1074 702 1952 876 1952
100 1341 114 1341 114 1624 447 1624
698 1139 567 1139 567 1674 421 1674
365 1318 364 1318 364 1322 294 1322
934 1874 609 1874 609 1787
558 1629 557 1629 557 2020 540 2020
897 1372 896 1372 896 1287 795 1287
196 2256 84 2256 84 2817 79 2817
92 2220 93 2220 93 2619 243 2619
887 2218 887 2265 123 2265 123 2736
971 3043 611 3043 611 2725 490 2725
524 2163 525 2163 525 2575 1002 2575
602 2995 517 2995 517 2427 345 2427
12 2856 13 2856 13 2847 786 2847
63 2180 86 2180 86 2740 688 2740
114 2108 197 2108 197 2515 643 2515
1011 2558 1010 2558 1010 2870 871 2870
781 2329 782 2329 782 2724 852 2724
676 2707 676 2675 613 2675 613 2481
36 2986 81 2986 81 2543 413 2543
356 2297 355 2297 355 2542 317 2542
505 2877 506 2877 506 2548 547 2548
597 3071 597 3070 347 3070 347 2497
1021 2253 1020 2253 1020 2396 826 2396
352 2451 352 2489 730 2489 730 2859
387 2095 387 2240 274 2240 274 2709
685 2670 686 2670 686 2728 719 2728
12 2584 13 2584 13 2965 926 2965
986 2725 986 2604 185 2604 185 2339
362 2886 363 2886 363 3033 925 3033
418 2975 507 2975 507 2777 808 2777
433 2412 432 2412 432 2102 393 2102
484 2947 483 2947 483 2837 87 2837
824 2192 825 2192 825 2363 961 2363
186 3014 78 3014 78 2248 60 2248
411 2711 412 2711 412 2185 566 2185
663 2514 261 2514 261 2260 28 2260
702 2324 703 2324 703 2298 999 2298
330 2997 330 2124 10 2124 10 2075
1013 2666 1012 2666 1012 2914 862 2914
586 2166 517 2166 517 2329 469 2329
46 4018 46 3860 172 3860 172 3616
410 3789 411 3789 411 3876 458 3876
49 3640 50 3640 50 3684 292 3684
59 3970 59 3101 81 3101 81 3077
259 3368 258 3368 258 3439 147 3439
262 4063 262 3336 512 3336 512 3281
74 3823 226 3823 226 3683 666 3683
634 3076 372 3076 372 3657 234 3657
783 4036 783 3725 825 3725 825 3087
764 3991 210 3991 210 3599 131 3599
175 3241 176 3241 176 3340 373 3340
285 3824 286 3824 286 3919 798 3919
779 3443 719 3443 719 4094 662 4094
591 3894 590 3894 590 3201 446 3201
292 3628 293 3628 293 3450 535 3450
185 3642 184 3642 184 3776 128 3776
410 3480 827 3480 827 3240 847 3240
682 3629 682 3554 123 3554 123 3106
147 3635 146 3635 146 3672 89 3672
722 3198 721 3198 721 3178 69 3178
784 3257 785 3257 785 3408 1011 3408
218 3764 218 3615 108 3615 108 3151
799 3874 799 3873 10 3873 10 3487
339 3966 210 3966 210 3998 35 3998
432 3456 406 3456 406 3547 141 3547
493 3492 406 3492 406 3337 358 3337
192 3330 461 3330 461 3148 691 3148
893 3970 892 3970 892 3298 495 3298
404 3609 405 3609 405 3405 899 3405
612 3597 611 3597 611 3491 155 3491
373 3854 373 3762 598 3762 598 3385
3 3520 4 3520 4 4088 675 4088
1806 642 1976 642 1976 505 2042 505
1462 768 1461 768 1461 739 1149 739
1538 472 1538 476 1681 476 1681 575
1567 664 1279 664 1279 542 1202 542
1945 498 1944 498 1944 514 1831 514
1118 833 1187 833 1187 748 1784 748
1115 780 1115 722 1969 722 1969 522
1564 454 1564 594 1483 594 1483 817
1711 132 1711 665 1113 665 1113 771
1224 978 1225 978 1225 219 1349 219
1771 241 1770 241 1770 825 1490 825
1813 920 1787 920 1787 361 1600 361
1645 199 1785 199 1785 854 1914 854
1225 310 1970 310 1970 633 1975 633
1438 164 1210 164 1210 234 1184 234
1635 859 1474 859 1474 359 1473 359
1174 319 1173 319 1173 391 1172 391
1221 673 1221 454 1763 454 1763 448
1482 375 1287 375 1287 809 1186 809
1659 168 1660 168 1660 232 1673 232
1742 950 1741 950 1741 897 1459 897
1512 154 1092 154 1092 466 1052 466
1195 112 1196 112 1196 388 1654 388
1826 34 1825 34 1825 0 1504 0
1916 841 1917 841 1917 755 2015 755
1292 573 1293 573 1293 165 1361 165
1636 582 1635 582 1635 616 1554 616
1072 945 1072 541 1652 541 1652 514
2031 415 1563 415 1563 593 1280 593
1622 48 1201 48 1201 892 1198 892
1803 262 1802 262 1802 863 1676 863
1867 558 1806 558 1806 570 1692 570
1898 1786 1898 1783 1043 1783 1043 1667
1828 1452 1828 1401 1378 1401 1378 1339
1177 1919 1177 1381 1186 1381 1186 1042
1127 1934 1127 1724 1824 1724 1824 1578
1117 1079 1054 1079 1054 1659 1035 1659
1693 1338 1693 1355 1481 1355 1481 1695
1849 1139 1502 1139 1502 1904 1432 1904
1666 1546 1666 1416 1463 1416 1463 1124
1659 1258 1290 1258 1290 1432 1261 1432
1211 1475 1211 1406 1575 1406 1575 1358
1583 1250 1292 1250 1292 1331 1039 1331
2010 1947 2010 1805 1246 1805 1246 1045
1620 1674 1620 1406 1253 1406 1253 1034
1917 2035 1917 2020 1976 2020 1976 1653
1960 1627 1753 1627 1753 1438 1177 1438
1719 1782 1719 1481 1969 1481 1969 1221
1224 1417 1225 1417 1225 1498 1483 1498
1098 1480 1098 1810 1674 1810 1674 1857
1695 1078 1695 1360 1842 1360 1842 1504
1314 1650 1315 1650 1315 1932 1393 1932
1979 1533 1978 1533 1978 1875 1963 1875
1861 1975 1837 1975 1837 1337 1790 1337
1399 2037 1399 1741 2027 1741 2027 1348
1614 1929 1614 1921 1062 1921 1062 1825
1950 1673 1753 1673 1753 1462 1359 1462
1506 1402 1291 1402 1291 1363 1030 1363
1071 1157 1110 1157 1110 1765 1826 1765
1113 1133 1114 1133 1114 1899 1476 1899
1502 2042 1504 2042 1504 1495 1716 1495
1818 1865 1818 1808 1589 1808 1589 1055
1245 1995 1245 1829 1728 1829 1728 1810
2000 1182 1291 1182 1291 1515 1259 1515
1818 1077 1108 1077 1108 2013 1086 2013
1206 2189 1206 2339 1749 2339 1749 2401
1589 2619 1589 2800 1992 2800 1992 2863
1176 2122 1177 2122 1177 2812 1411 2812
1182 2730 1302 2730 1302 2497 1584 2497
1457 2315 1548 2315 1548 2356 1576 2356
1831 2749 1831 2532 1993 2532 1993 2119
1461 2678 1308 2678 1308 2980 1305 2980
1066 2915 1090 2915 1090 2754 1482 2754
1489 2094 1201 2094 1201 2084 1157 2084
1981 2536 1980 2536 1980 2944 1896 2944
1429 2084 1428 2084 1428 2072 1101 2072
1746 2609 1747 2609 1747 2460 1964 2460
1658 2771 1658 2762 1203 2762 1203 2666
1173 2166 1417 2166 1417 2338 1783 2338
1497 2873 1498 2873 1498 3039 1706 3039
1443 2987 1443 2253 1696 2253 1696 2176
1063 2305 1650 2305 1650 2182 1763 2182
1461 2930 1460 2930 1460 2688 1453 2688
1207 2967 1220 2967 1220 3050 1323 3050
1155 3058 1152 3058 1152 2328 1106 2328
1672 2655 1673 2655 1673 2299 2015 2299
1747 2614 1605 2614 1605 2691 1099 2691
1806 2773 1661 2773 1661 2156 1613 2156
1372 2535 1372 2341 1537 2341 1537 2256
1677 2453 1677 2541 1694 2541 1694 2562
1933 2664 1932 2664 1932 2534 1911 2534
1036 2969 1036 2528 1998 2528 1998 2518
1346 2073 1347 2073 1347 2162 1880 2162
1234 2284 1234 2290 1064 2290 1064 2610
1935 2376 1710 2376 1710 2658 1700 2658
1507 2794 1507 2779 1260 2779 1260 2597
1911 2318 1659 2318 1659 2871 1070 2871
1548 2859 1156 2859 1156 2500 1114 2500
1209 3001 1699 3001 1699 2775 1816 2775
1028 2468 1029 2468 1029 2312 1927 2312
1211 3436 1211 3420 1266 3420 1266 3411
1796 3171 1796 3284 1147 3284 1147 3428
1461 3280 1580 3280 1580 4033 1884 4033
1101 3457 1405 3457 1405 3696 1698 3696
1750 3754 1554 3754 1554 3686 1509 3686
1203 3894 1204 3894 1204 3860 1490 3860
1108 3449 1108 3553 1220 3553 1220 3744
1768 3675 1586 3675 1586 3091 1579 3091
1406 3328 1404 3328 1404 3613 1196 3613
1991 3940 1972 3940 1972 3415 1460 3415
1860 3397 1697 3397 1697 3129 1693 3129
1675 3286 1676 3286 1676 3401 1783 3401
1772 3747 1986 3747 1986 4022 2020 4022
1038 3623 1365 3623 1365 4061 1793 4061
1127 3517 1128 3517 1128 4046 1718 4046
1822 3366 1821 3366 1821 3578 1537 3578
1745 3845 1745 3811 1294 3811 1294 3094
1162 3393 1162 3369 1557 3369 1557 3074
1744 3642 1744 3273 1751 3273 1751 3161
1168 3479 1382 3479 1382 3370 1711 3370
1113 3537 1114 3537 1114 3411 1309 3411
1313 3103 1313 3281 1559 3281 1559 3340
1539 3939 1540 3939 1540 3266 1650 3266
1483 3649 1484 3649 1484 4092 1904 4092
1151 3076 1152 3076 1152 3855 1184 3855
1972 3221 1971 3221 1971 3223 1869 3223
1985 3190 1984 3190 1984 3782 1354 3782
1724 3876 1769 3876 1769 3434 1812 3434
1985 3759 1984 3759 1984 3784 1170 3784
1854 4040 1828 4040 1828 3072 1760 3072
1548 3111 1146 3111 1146 3991 1033 3991
3071 594 3070 594 3070 131 3037 131
2321 969 2368 969 2368 867 2995 867
2213 807 2214 807 2214 79 2236 79
2534 790 2493 790 2493 718 2075 718
2942 417 2598 417 2598 323 2402 323
2440 889 2440 942 3011 942 3011 995
2521 438 2521 446 2166 446 2166 740
2960 934 2959 934 2959 932 2528 932
2318 20 2268 20 2268 428 2252 428
2324 323 2325 323 2325 329 2704 329
2616 5 2615 5 2615 60 2582 60
2800 538 2734 538 2734 896 2723 896
2366 906 2367 906 2367 682 2443 682
3059 463 3058 463 3058 134 2271 134
3049 795 3048 795 3048 78 2984 78
2278 543 2278 281 2268 281 2268 96
2390 479 2389 479 2389 540 2313 540
2698 661 2699 661 2699 718 2828 718
2835 948 2770 948 2770 930 2579 930
2963 499 2971 499 2971 104 2982 104
2600 964 2600 804 2490 804 2490 290
2894 319 2894 507 2076 507 2076 642
2387 860 2138 860 2138 135 2067 135
2186 1012 2187 1012 2187 748 2193 748
2962 797 2962 800 2474 800 2474 832
2179 159 2179 613 2754 613 2754 699
2140 15 2141 15 2141 949 2944 949
2609 823 2609 735 2898 735 2898 334
2543 574 2601 574 2601 819 2646 819
2868 626 2424 626 2424 481 2411 481
2123 314 2270 314 2270 342 2456 342
2390 328 2391 328 2391 180 2891 180
2313 263 2314 263 2314 999 2951 999
2446 628 2446 621 2135 621 2135 143
2929 654 2505 654 2505 24 2365 24
2817 368 2818 368 2818 94 2832 94
2875 1900 2874 1900 2874 1866 2817 1866
2474 1089 2130 1089 2130 1965 2113 1965
2456 1999 2201 1999 2201 1377 2059 1377
2077 1507 2197 1507 2197 1542 2888 1542
2804 1152 2607 1152 2607 2012 2549 2012
2728 1365 2664 1365 2664 1981 2653 1981
2943 1814 2941 1814 2941 1129 2519 1129
2179 1556 2644 1556 2644 1941 2791 1941
2210 1482 2201 1482 2201 1386 2181 1386
2352 1908 2352 1755 2348 1755 2348 1702
2711 2002 2652 2002 2652 1454 2549 1454
2915 1188 2915 1649 2776 1649 2776 2044
2406 1993 2405 1993 2405 1924 2288 1924
2936 1869 2764 1869 2764 1310 2439 1310
2461 1456 2461 1175 3064 1175 3064 1062
2793 1477 2794 1477 2794 1130 2873 1130
2458 1211 2654 1211 2654 1627 2685 1627
2346 2028 2323 2028 2323 1653 2302 1653
2274 1745 2644 1745 2644 1921 3005 1921
2975 1054 2241 1054 2241 1475 2203 1475
2987 1396 2987 1075 2412 1075 2412 1028
3034 1327 3034 1776 2822 1776 2822 2000
2247 1851 2464 1851 2464 1273 2775 1273
2493 1592 2497 1592 2497 1979 2507 1979
2816 1189 2815 1189 2815 1174 2172 1174
2379 1332 2379 1726 2596 1726 2596 1858
2221 1833 2283 1833 2283 1506 2717 1506
2489 1313 2757 1313 2757 1882 2894 1882
2968 1027 2967 1027 2967 2020 2825 2020
2220 1992 2221 1992 2221 1179 3020 1179
2324 1707 2325 1707 2325 1094 2478 1094
2207 1039 2214 1039 2214 1528 2286 1528
2696 1763 2696 1788 2557 1788 2557 1861
2285 2792 2285 2598 2142 2598 2142 2388
2278 2979 2278 2346 2549 2346 2549 2154
2788 2334 2788 2750 2445 2750 2445 2774
2824 2835 2824 2762 2566 2762 2566 2742
2291 2248 2292 2248 2292 2177 2544 2177
2112 2569 2112 2650 2915 2650 2915 2657
2187 2366 2187 2737 2355 2737 2355 3012
2650 2830 2629 2830 2629 2189 2329 2189
2377 2672 2376 2672 2376 2687 2278 2687
2898 2619 2898 2865 2260 2865 2260 2896
2797 2436 2677 2436 2677 2828 2604 2828
2505 2186 2739 2186 2739 2927 2977 2927
2312 2963 2312 2863 2995 2863 2995 2137
2212 2827 2275 2827 2275 2083 2359 2083
2301 2982 2301 2964 2844 2964 2844 2841
2684 2613 2683 2613 2683 2938 2637 2938
2855 2246 2246 2246 2246 2126 2185 2126
2150 2413 2150 2346 2535 2346 2535 2196
2284 2885 2352 2885 2352 2183 2377 2183
2899 2440 2899 2860 2275 2860 2275 2877
2553 2959 2498 2959 2498 2096 2089 2096
2120 2679 2672 2679 2672 2391 2683 2391
2935 2820 2917 2820 2917 2377 2371 2377
2287 2353 2727 2353 2727 2826 2786 2826
2571 2494 2570 2494 2570 2456 2093 2456
2115 2367 3029 2367 3029 2158 3031 2158
2170 2905 2170 2863 2833 2863 2833 2532
2341 2611 2378 2611 2378 2597 2843 2597
2435 2113 2367 2113 2367 2143
2708 2950 2707 2950 2707 2571 2678 2571
2155 2801 2965 2801 2965 2611 2985 2611
3059 3676 3059 4002 2406 4002
2980 3763 2832 3763 2832 4061 2437 4061
2559 4022 2559 3172 2318 3172
2967 3740 2966 3740 2966 3678 2643 3678
2263 3649 2353 3649 2353 3392 2447 3392
2347 3454 2348 3454 2348 4054 2754 4054
2651 3254 2650 3254 2650 3885 2096 3885
3021 3147 2997 3147 2997 3748 2774 3748
2582 3343 2581 3343 2581 3580 2409 3580
2906 3989 2906 4002 2388 4002 2388 4024
2909 3250 2908 3250 2908 3166 2901 3166
2406 3130 2406 3852 2875 3852 2875 4091
2992 4034 2991 4034 2991 4075 2812 4075
2567 3468 2566 3468 2566 3991 2274 3991
2766 3229 2767 3229 2767 3736 2939 3736
3030 3826 3040 3826 3040 3092 3047 3092
2450 3937 2663 3937 2663 3447 2760 3447
2386 4007 2386 3765 3032 3765 3032 3313
2305 3319 2306 3319 2306 3573 2481 3573
2658 3082 2657 3082 2657 3831 2271 3831
3023 3172 2810 3172 2810 3092 2647 3092
2741 3242 2740 3242 2740 3820 2376 3820
2867 3710 2866 3710 2866 3373 2072 3373
2992 3954 2992 3564 2981 3564 2981 3361
2347 3736 2349 3736 2349 3707 2697 3707
2269 3201 2303 3201 2303 4085 2744 4085
2575 3801 2574 3801 2574 3892 2505 3892
2171 3356 2172 3356 2172 4001 2533 4001
2176 3905 2177 3905 2177 3412 2777 3412
2099 3948 2099 3706 2561 3706 2561 3528
2431 3311 2431 3655 2475 3655 2475 3804
3049 4084 3048 4084 3048 3346 3006 3346
2472 3304 2583 3304 2583 4050 2685 4050
2469 3338 2469 3344 2764 3344 2764 3810
2967 3129 2967 3473 2599 3473 2599 3488
3501 805 3501 59 3097 59 3097 39
3595 81 3594 81 3594 101 3274 101
4082 378 4081 378 4081 290 3288 290
3960 450 3960 444 3210 444 3210 427
3437 323 3330 323 3330 549 3326 549
3943 837 3942 837 3942 107 3747 107
3971 587 3970 587 3970 88 3817 88
4083 775 4082 775 4082 3 3085 3
3347 278 3178 278 3178 594 3133 594
3151 238 3843 238 3843 439 3852 439
3659 43 3658 43 3658 218 3383 218
3166 134 3566 134 3566 952 3694 952
3142 372 3191 372 3191 481 3618 481
4020 545 3630 545 3630 44 3271 44
3088 231 3197 231 3197 991 3285 991
3092 992 3101 992 3101 178 4056 178
3489 584 3490 584 3490 452 4049 452
3497 883 3540 883 3540 423 3806 423
3861 77 3420 77 3420 71 3230 71
3602 581 3603 581 3603 38 3723 38
3296 873 3296 291 3655 291 3655 183
3340 438 3340 440 3898 440 3898 788
3450 812 3449 812 3449 765 3241 765
3966 478 3815 478 3815 741 3753 741
3654 528 3522 528 3522 782 3509 782
3966 250 3967 250 3967 290 4034 290
3978 575 3815 575 3815 789 3651 789
3128 99 3708 99 3708 853 3781 853
3497 372 3524 372 3524 794 3538 794
3103 895 3103 713 3522 713 3522 596
3980 601 3979 601 3979 215 3342 215
3827 357 3706 357 3706 431 3661 431
3366 410 3365 410 3365 691 3331 691
4091 319 4090 319 4090 937 3632 937
3853 1207 3852 1207 3852 1479 3620 1479
3776 1321 3804 1321 3804 1536 3855 1536
3291 1422 3658 1422 3658 1079 3956 1079
3355 1162 3932 1162 3932 1786 3937 1786
3723 1734 3724 1734 3724 1539 3846 1539
3075 1763 3092 1763 3092 1953 3994 1953
3294 2010 3956 2010 3956 1420 3962 1420
3383 1897 3989 1897 3989 1326 4007 1326
3227 1038 3228 1038 3228 1466 3422 1466
3224 1528 3434 1528 3434 1999 3820 1999
4062 1700 4061 1700 4061 1062 3932 1062
3159 1367 3159 1810 3232 1810 3232 1880
4015 1233 4014 1233 4014 1122 3709 1122
3989 1150 3990 1150 3990 1503 4079 1503
4014 1289 4013 1289 4013 1804 3616 1804
3108 1419 3108 1857 3183 1857 3183 1910
4049 1623 4048 1623 4048 1049 3782 1049
3120 2013 3445 2013 3445 1961 3481 1961
3160 1146 3161 1146 3161 1456 3399 1456
4056 1167 4033 1167 4033 1702 3863 1702
3433 1841 3432 1841 3432 1959 3291 1959
3472 1217 3265 1217 3265 1075 3130 1075
3320 1692 3320 1599 3518 1599 3518 1423
3568 1691 3489 1691 3489 1236 3435 1236
3615 1698 3436 1698 3436 1556 3224 1556
3908 1517 3908 1299 3491 1299 3491 1270
3662 1809 3661 1809 3661 2013 3415 2013
3846 1222 3846 1416 3863 1416 3863 1527
3609 1830 3609 1800 3505 1800 3505 1711
3906 1597 3905 1597 3905 1616 3734 1616
3638 1782 3436 1782 3436 1572 3389 1572
3959 1210 3958 1210 3958 1590 3729 1590
4007 1849 4006 1849 4006 1502 3804 1502
3474 2147 3474 2490 4076 2490 4076 2910
3728 2397 3727 2397 3727 2200 3257 2200
3259 2339 3708 2339 3708 2169 3718 2169
3543 2634 3788 2634 3788 2770 3790 2770
3105 2675 3124 2675 3124 2131 3485 2131
3241 2176 3666 2176 3666 2212 3877 2212
3273 2066 3273 2526 3494 2526 3494 2943
3526 2756 3526 2589 3712 2589 3712 2096
3307 2985 3788 2985 3788 2236 3903 2236
3727 2675 3729 2675 3729 2303 3783 2303
3233 2152 3233 2581 3573 2581 3573 2705
3348 2067 3836 2067 3836 2447 3949 2447
3787 2647 3786 2647 3786 2673 3449 2673
3376 2681 3377 2681 3377 2819 3601 2819
3191 2660 3192 2660 3192 2589 3332 2589
3095 2194 3095 2609 3150 2609 3150 2647
3983 2993 3982 2993 3982 2794 3816 2794
3475 2662 3474 2662 3474 2821 3159 2821
3300 2674 3300 2749 3122 2749 3122 2921
3284 2580 3875 2580 3875 2849 3929 2849
3838 2936 3903 2936 3903 2967 4014 2967
3897 2234 3660 2234 3660 2301 3645 2301
3932 2816 3931 2816 3931 2181 3298 2181
3292 2505 3561 2505 3561 2337 3779 2337
3443 3001 4058 3001 4058 2706 4068 2706
3899 2097 3900 2097 3900 2529 3914 2529
3892 2279 3891 2279 3891 2616 3737 2616
3699 2999 3698 2999 3698 2970 3402 2970
3441 2294 3442 2294 3442 2756 3515 2756
3765 2057 3764 2057 3764 2412 3285 2412
3287 2963 3288 2963 3288 2938 3569 2938
3377 3286 3598 3286 3598 3257 3848 3257
3701 4093 3701 4032 3522 4032 3522 3196
3839 3821 3850 3821 3850 3599 3952 3599
3200 3684 3200 3683 3404 3683 3404 3322
3192 3330 3192 3429 3418 3429 3418 3906
3630 3543 3630 3688 3414 3688 3414 4075
3855 3931 3524 3931 3524 3165 3476 3165
3757 3958 3756 3958 3756 3698 3715 3698
3093 3336 3094 3336 3094 4009 3145 4009
3667 3390 3644 3390 3644 4016 3556 4016
3360 3634 3359 3634 3359 3346 3323 3346
3628 4056 3851 4056 3851 3362 3923 3362
3598 3218 3597 3218 3597 3265 3076 3265
3167 3886 3239 3886 3239 3652 3316 3652
3653 3216 3652 3216 3652 3255 3320 3255
3542 3596 3493 3596 3493 3361 3263 3361
3300 3210 3495 3210 3495 3670 3534 3670
3240 3097 3241 3097 3241 3116 3484 3116
3389 3407 3388 3407 3388 3372 3207 3372
3662 3751 3850 3751 3850 3150 3979 3150
3103 3924 3555 3924 3555 3830 3638 3830
3858 3883 3857 3883 3857 3642 3717 3642
3730 3107 3730 3340 3727 3340 3727 4052
3533 3970 3850 3970 3850 3243 4018 3243
3955 3435 3954 3435 3954 3428 3091 3428
3347 3092 4014 3092 4014 4020 4048 4020
3954 3602 3954 3108 3393 3108 3393 3096
3915 4060 4014 4060 4014 3324 4041 3324
3353 3732 3601 3732 3601 3648 3827 3648
3173 3475 3151 3475 3151 3762 3095 3762
3590 3134 3591 3134 3591 3736 3998 3736
3500 3109 3501 3109 3501 3560 3587 3560
3295 4015 3405 4015 3405 3656 3466 3656
3160 3433 3161 3433 3161 3760 3238 3760
3131 4050 3240 4050 3240 3773 3305 3773
4006 3937 3710 3937 3710 3770 3646 3770
425 1063 426 1063 426 1009 1888 1009
1249 978 1248 978 1248 985 423 985
1321 1071 33 1071 33 1042 4 1042
1991 991 1185 991 1185 1060 584 1060
1079 1038 1035 1038 1035 1044 479 1044
478 2020 478 2019 1845 2019 1845 2005
1548 2019 1548 2063 257 2063
2 2039 2 2063 1445 2063 1445 2081
1892 2007 1892 2066 389 2066 389 2087
1603 2010 1588 2010 1588 2047 245 2047
1703 3114 1703 3072 72 3072 72 3030
1436 3042 1435 3042 1435 3057 1429 3057
1217 3101 1216 3101 1216 3074 523 3074
1894 3085 1895 3085 1895 3100 1993 3100
84 3067 399 3067 399 3021 1037 3021
1905 1017 2673 1017 2673 1068 2686 1068
1749 988 1750 988 1750 1003 2202 1003
2071 983 2071 1014 2217 1014 2217 1043
1256 1056 1308 1056 1308 983 1780 983
1891 1048 2147 1048 2147 1025 2473 1025
2531 2056 2531 2053 1776 2053 1776 2030
1606 2003 2017 2003 2017 2067 2813 2067
2003 2094 1843 2094 1843 2085 1202 2085
2588 2066 2589 2066 2589 2053 2720 2053
2866 2074 2119 2074 2119 2061 1759 2061
1469 3107 1469 3101 3037 3101 3037 3091
1505 3073 1587 3073 1587 3121 2095 3121
1316 3120 1549 3120 1549 3069 2262 3069
1778 3062 1423 3062 1423 3096 1370 3096
1900 3078 1899 3078 1899 3104 1736 3104
3883 1034 3882 1034 3882 1009 3770 1009
3106 1022 3105 1022 3105 1042 2682 1042
2509 990 2509 1001 2470 1001 2470 1061
2557 1052 2976 1052 2976 1056 3340 1056
2220 1036 2221 1036 2221 973
2783 2059 3545 2059 3545 2036 3562 2036
2428 2051 2721 2051 2721 2053 3553 2053
4034 2019 4033 2019 4033 2056 3620 2056
3657 2042 3119 2042 3119 2008 2674 2008
2675 2031 2587 2031 2587 2081 2464 2081
2400 3120 2401 3120 2401 3039 3666 3039
2389 3073 2716 3073 2716 3021 3698 3021
3741 3056 3740 3056 3740 3064 2132 3064
3915 3060 3914 3060 3914 3031 3714 3031
3264 3093 3265 3093 3265 3056 3431 3056
1029 1065 1028 1065 1028 1967 991 1967
998 295 998 1014 992 1014 992 1605
1005 1844 1005 741 1049 741 1049 556
973 219 1020 219 1020 1163 1034 1163
977 579 1020 579 1020 694 1036 694
1065 2015 1018 2015 1018 1180 1017 1180
1028 2373 1028 1873 1001 1873 1001 1263
1030 2983 1029 2983 1029 2559 983 2559
990 2850 1003 2850 1003 1125 1010 1125
1031 3003 1027 3003 1027 2030 977 2030
1030 3826 1030 3325 1052 3325 1052 2532
1071 3047 1069 3047 1069 2548 1066 2548
1032 2669 1031 2669 1031 2763 1029 2763
1048 3400 1047 3400 1047 3260 989 3260
1020 3353 1018 3353 1018 2438 991 2438
2050 624 2050 1107 2095 1107 2095 1631
2054 1359 2069 1359 2069 840 2092 840
2025 686 2026 686 2026 1662
2011 1615 2011 1526 2036 1526 2036 1505
2021 783 2021 1107 2077 1107 2077 1557
2090 2317 2057 2317 2057 1775
2031 2569 2031 2425 2052 2425 2052 1803
2087 2951 2081 2951 2081 2166 2061 2166
2054 1446 2054 1924 2046 1924 2046 2072
2043 2801 2043 1937 2078 1937 2078 1769
2013 3618 2014 3618 2014 2867 2027 2867
2085 3872 2085 2765 2008 2765 2008 2322
2072 2168 2072 3154 2071 3154 2071 3517
2064 3920 2064 3500 2045 3500 2045 2167
2094 2881 2094 2952 2039 2952 2039 3635
3111 714 3108 714 3108 1306 3070 1306
3039 1240 3104 1240 3104 1684 3114 1684
3082 1689 3081 1689 3081 1944 3036 1944
3058 727 3057 727 3057 267 3054 267
3060 433 3060 464 3046 464 3046 690
3102 2882 3102 1371 3076 1371 3076 1176
3029 2104 3030 2104 3030 1899 3075 1899
3035 2462 3034 2462 3034 2764 3029 2764
3096 2304 3097 2304 3097 2587 3122 2587
3109 1149 3109 1580 3121 1580 3121 1863
3069 2123 3068 2123 3068 2140 3050 2140
3054 2089 3087 2089 3087 2901 3096 2901
3080 3248 3080 2716 3064 2716 3064 2308
3052 2733 3051 2733 3051 2654 3032 2654
3074 2656 3073 2656 3073 3443 3061 3443
1586 2778 4057 2778 4057 671
1207 754 1207 2007 1275 2007 1275 2318
1524 3274 1524 3272 4087 3272 4087 2966
1363 3540 3214 3540 3214 2590 3622 2590
2468 2704 2116 2704 2116 1114 102 1114
3711 3832 3711 3066 114 3066 114 1648
92 868 2961 868 2961 1506 2987 1506
3859 1995 3859 977 3204 977 3204 880
1201 3320 3125 3320 3125 1785 3260 1785
1392 1523 1055 1523 1055 3485 407 3485
2171 777 2116 777 2116 3417 2003 3417
225 3741 1033 3741 1033 1167 3636 1167
3061 897 3125 897 3125 3644 3741 3644
603 2488 603 2121 4034 2121 4034 1529
2874 3851 3152 3851 3152 2247 3707 2247
2302 3228 1026 3228 1026 2382 747 2382
2351 3608 2352 3608 2352 3031 2441 3031
518 2440 518 2297 920 2297 920 1650
1814 2799 1814 2797 3552 2797 3552 198
1662 262 1662 818 1436 818 1436 1445
2343 1677 2343 1533 3865 1533 3865 1516
3695 4027 3695 3697 3849 3697 3849 946
1269 1972 1269 2125 3013 2125 3013 2453
1091 1894 1093 1894 1093 402 1456 402
261 155 1037 155 1037 2062 1323 2062
3259 101 3127 101 3127 3766 2833 3766
3694 3998 3190 3998 3190 436 3179 436
2335 1846 2376 1846 2376 733 2470 733
2626 3343 244 3343 244 1991 20 1991
2278 1062 2278 1135 2923 1135 2923 2570
262 2377 263 2377 263 2281 1186 2281
1138 3746 1138 1599 1345 1599 1345 1500
1879 2533 1995 2533 1995 4024 3322 4024
72 3643 72 3071 2996 3071 2996 1694
80 2821 80 1399 1269 1399 1269 1341
386 1341 3287 1341 3287 1372 3803 1372
682 935 1033 935 1033 3051 1740 3051
211 3980 1091 3980 1091 2833 1201 2833
3810 3444 3645 3444 3645 4038 79 4038
2685 1305 2136 1305 2136 3651 1973 3651
3712 3301 4042 3301 4042 3972 4049 3972
3178 4043 1029 4043 1029 3712 996 3712
233 369 2617 369 2617 406 2770 406
2067 306 1014 306 1014 1883 641 1883
1364 3812 1202 3812 1202 4069 720 4069
3374 2205 3240 2205 3240 2134 1801 2134
4013 4012 2012 4012 2012 3219 1226 3219
568 1527 568 1979 460 1979 460 3170
369 2605 369 3044 739 3044 739 3198
1279 1158 2017 1158 2017 652 2702 652
3600 3656 3600 2073 2318 2073 2318 2054
2766 737 3107 737 3107 2608 3350 2608
3929 525 4062 525 4062 1078 4071 1078
3545 521 3545 1962 3464 1962 3464 2744
859 1408 859 2390 352 2390 352 3874
719 1470 719 1721 2888 1721 2888 1763
373 3876 373 3875 645 3875 645 3555
2200 2904 3035 2904 3035 1176 3075 1176
2837 205 2837 217 1888 217 1888 1777
127 599 127 970 3918 970 3918 1187
1198 1835 1019 1835 1019 672 554 672
3947 2658 3947 972 1790 972 1790 206
1109 1430 1109 3061 3615 3061 3615 3443
2671 2453 2098 2453 2098 4011 1672 4011
3968 2080 3968 2060 280 2060 280 1352
606 3945 342 3945 342 563 331 563
3348 3684 3075 3684 3075 2864 2629 2864
3803 2096 3707 2096 3707 14 681 14
663 3666 3126 3666 3126 2588 3387 2588
3988 1797 3920 1797 3920 1738 3561 1738
3494 3566 3494 3303 1230 3303 1230 3127
2398 2798 113 2798 113 1438 106 1438
85 2442 85 3061 3812 3061 3812 3390
1380 3449 1381 3449 1381 2298 1387 2298
488 1017 488 1018 3065 1018 3065 1386
2392 1221 3105 1221 3105 2430 3197 2430
3874 2688 3815 2688 3815 3029 2218 3029
738 768 738 2803 2616 2803 2616 2805
1711 2464 1711 2770 1972 2770 1972 3408
1475 1700 1475 1015 2063 1015 2063 524
612 2856 613 2856 613 2987 4000 2987
3305 2861 3158 2861 3158 2743 2928 2743
2065 1557 2065 72 580 72 580 52
1667 1504 1034 1504 1034 2860 723 2860
3302 3184 3718 3184 3718 1203 3756 1203
1859 1074 2247 1074 2247 2357 4081 2357
3262 2143 1062 2143 1062 2479 755 2479
26 3030 26 1155 1388 1155 1388 1138
1211 194 1212 194 1212 172 1379 172
3138 2070 3708 2070 3708 988 3883 988
2747 1465 2746 1465 2746 1394 1579 1394
1416 2256 1416 2188 701 2188 701 1921
351 535 351 1073 921 1073 921 3635
1050 2657 1050 3480 1385 3480 1385 3527
911 4006 1541 4006 1541 3905 1733 3905
1180 200 1180 2813 1870 2813 1870 2932
294 3893 1055 3893 1055 1600 1495 1600
846 2264 846 1016 3451 1016 3451 767
1106 3615 1017 3615 1017 2872 743 2872
1139 513 1139 898 1580 898 1580 1101
3544 3166 3525 3166 3525 982 3441 982
330 3673 2582 3673 2582 3472 2662 3472
3257 1809 3145 1809 3145 1134 1264 1134
1453 1620 2008 1620 2008 1450 2054 1450
184 464 2051 464 2051 771 3634 771
483 1092 483 1059 701 1059 701 986
961 1565 961 1455 2315 1455 2315 1444
3171 683 3208 683 3208 1374 3334 1374
788 1533 788 1073 104 1073 104 54
1890 81 1537 81 1537 532 1475 532
2202 1408 2202 570 2997 570 2997 95
1792 1873 3639 1873 3639 1679 3802 1679
3618 454 3619 454 3619 749 3858 749
1819 1279 1819 1622 796 1622 796 1784
3983 828 1112 828 1112 550 41 550
3304 2047 3995 2047 3995 1911 4001 1911
2139 223 2139 239 3702 239 3702 567
1075 1902 1075 1723 3244 1723 3244 1597
2349 393 2349 1076 2730 1076 2730 1146
4000 777 2372 777 2372 728 1288 728
1788 809 1789 809 1789 7 4046 7
104 463 2064 463 2064 687 3412 687
3657 978 3657 1057 3110 1057 3110 1284
2917 380 2906 380 2906 1604 2654 1604
791 1653 791 1720 3423 1720 3423 1823
1891 1160 2016 1160 2016 499 2089 499
2670 965 2670 971 413 971 413 1072
3962 1337 3962 923 3675 923 3675 445
3544 1300 3490 1300 3490 599 3200 599
1571 657 1637 657 1637 577 1710 577
3872 557 2425 557 2425 457 1790 457
3586 1272 3586 1016 1868 1016 1868 448
160 313 160 1016 3316 1016 3316 2042
3233 904 3921 904 3921 1793 3931 1793
3984 320 3984 1016 2056 1016 2056 1636
2196 1519 2178 1519 2178 1613 273 1613
3702 209 3660 209 3660 748 3576 748
2911 258 3057 258 3057 1063 3173 1063
764 1031 764 1449 2124 1449 2124 1779
2443 335 1015 335 1015 1901 304 1901
2744 910 3146 910 3146 1579 3287 1579
3931 1402 3931 1537 2620 1537 2620 1719
2115 1161 1890 1161 1890 1004 1837 1004
1093 238 3267 238 3267 811 3833 811
100 1754 786 1754 786 1772 1919 1772
1213 2006 1213 1725 2375 1725 2375 1596
3920 1178 3919 1178 3919 1665 3437 1665
1313 146 2068 146 2068 1106 3594 1106
2608 1942 2608 1911 1658 1911 1658 1857
2067 142 2067 1013 3025 1013 3025 1070
454 1803 993 1803 993 1108 2417 1108
3146 1408 3146 133 3187 133 3187 5
2674 130 1644 130 1644 205 1399 205
3956 233 3071 233 3071 723 1496 723
3842 417 3707 417 3707 1968 2882 1968
2439 1619 2440 1619 2440 1690 2750 1690
1270 94 1194 94 1194 122 455 122
1170 1099 1097 1099 1097 1946 1078 1946
2980 1153 2979 1153 2979 860 2735 860
2143 1467 2143 1024 3100 1024 3100 967
2958 1843 2958 971 2147 971 2147 10
3955 1543 3223 1543 3223 1575 2944 1575
3961 9 3961 1000 2590 1000 2590 1075
3869 924 3240 924 3240 704 2498 704
2269 320 2269 362 3674 362 3674 405
3061 691 3060 691 3060 1007 2876 1007
2886 190 2885 190 2885 1573 2665 1573
2663 139 2311 139 2311 887 2210 887
3196 528 3196 1055 2907 1055 2907 1529
2765 1396 3093 1396 3093 1986 3237 1986
2244 622 2244 1314 2517 1314 2517 1725
3565 460 3544 460 3544 1824 3454 1824
3850 628 3848 628 3848 955 3821 955
3500 1084 3703 1084 3703 149 3805 149
3213 1513 3213 1777 2785 1777 2785 1828
2686 799 2686 736 2989 736 2989 42
3266 1156 3266 677 3584 677 3584 292
4085 671 4084 671 4084 642 2534 642
2494 728 3162 728 3162 1405 3450 1405
3202 81 3202 289 2771 289 2771 941
3805 1491 3805 1012 2339 1012 2339 382
2133 366 2133 1040 2213 1040 2213 1101
2383 1099 3963 1099 3963 1669 3988 1669
2968 1215 3106 1215 3106 1389 3286 1389
3298 1917 3129 1917 3129 939 2551 939
2987 388 2983 388 2983 26 2966 26
2256 817 2256 833 3311 833 3311 885
4081 75 3659 75 3659 306 3438 306
2426 521 2983 521 2983 51 3510 51
3816 670 3816 854 3708 854 3708 883
2320 571 3012 571 3012 162 3551 162
2149 809 3072 809 3072 425 3865 425
3048 861 3045 861 3045 581 2818 581
2322 690 2668 690 2668 646 3170 646
3523 752 3059 752 3059 967 2104 967
2782 244 2782 259 3037 259 3037 951
3167 60 3167 61 2269 61 2269 269
3515 677 3018 677 3018 612 2369 612
2534 702 2535 702 2535 188 2624 188
2397 213 2398 213 2398 224 2723 224
2423 334 2423 72 2649 72 2649 50
2132 568 2131 568 2131 657 2101 657
2821 580 2998 580 2998 154 3011 154
2088 280 2090 280 2090 561 2370 561
2654 90 2489 90 2489 445 2366 445
2512 59 2267 59 2267 204 2224 204
2368 212 2367 212 2367 151 2150 151
2928 234 2928 187 2743 187 2743 103
2332 254 2229 254 2229 309 2210 309
2681 266 2682 266 2682 32 3016 32
3069 151 3058 151 3058 83 2998 83
3054 186 2884 186 2884 407 2694 407
2966 378 2965 378 2965 379 2641 379
2616 393 2772 393 2772 413 2970 413
2756 216 2742 216 2742 73 2631 73
2769 352 2769 336 2606 336 2606 75
2628 213 2675 213 2675 110 2704 110
2569 469 2570 469 2570 203 2626 203
2758 31 2755 31 2755 370 2753 370
2722 290 2722 292 2599 292 2599 353
2581 505 2582 505 2582 267 2719 267
2562 462 2563 462 2563 308 2576 308
2751 458 2640 458 2640 349 2628 349
2635 501 2636 501 2636 370 2667 370
2757 338 2756 338 2756 430 2745 430
2717 349 2718 349 2718 332 2754 332
2786 290 2786 373 2723 373 2723 423
2740 292 2739 292 2739 290 2713 290
2698 502 2766 502 2766 406
2725 464 2724 464 2724 420 2720 420
2733 302 2733 350 2705 350 2705 442
2740 361 2739 361 2739 321 2714 321
2714 447 2714 437 2701 437 2701 265
2688 284 2690 284 2690 382 2697 382
2747 286 2746 286 2746 299 2714 299
2694 331 2721 331 2721 266 2726 266
2712 277 2721 277 2721 311 2737 311
2700 276 2701 276 2701 259 2722 259
2688 331 2689 331 2689 297 2719 297
2691 295 2692 295 2692 282 2717 282
2720 296 2713 296 2713 312 2705 312
2713 269 2711 269 2711 291 2703 291
2713 265 2712 265 2712 270 2692 270
2707 268 2708 268 2708 310 2716 310
1318 1733 1497 1733 1497 1473 1571 1473
1376 1699 1376 1649 1129 1649 1129 1353
1427 1449 1427 1448 1375 1448 1375 1435
1386 1400 1385 1400 1385 1344 1329 1344
1292 1380 1293 1380 1293 1282 1461 1282
1413 1700 1414 1700 1414 1666 1467 1666
1605 1896 1587 1896 1587 2119 1391 2119
1140 1984 1199 1984 1199 1771 1517 1771
1319 2057 1400 2057 1400 1985 1473 1985
1359 2043 1446 2043 1446 2156 1558 2156
1217 1877 1218 1877 1218 1830 1436 1830
1159 2271 1160 2271 1160 2108 1189 2108
1261 2382 1260 2382 1260 2590 1157 2590
1342 2326 1342 2536 1540 2536 1540 2730
1188 2672 1286 2672 1286 2655 1373 2655
1330 2617 1436 2617 1436 2344 1547 2344
1467 2362 1468 2362 1468 2371 1515 2371
1535 2686 1534 2686 1534 2600 1473 2600
1442 3295 1225 3295 1225 3207 1213 3207
1131 3162 1131 2966 1268 2966 1268 2823
1153 2870 1153 2911 1219 2911 1219 3086
1474 3060 1206 3060 1206 2912 1155 2912
1286 3178 1287 3178 1287 3298 1526 3298
1585 3247 1315 3247 1315 3073 1269 3073
1651 1505 1662 1505 1662 1672 1738 1672
1814 1574 1970 1574 1970 1375 2051 1375
2070 1291 1919 1291 1919 1352 1884 1352
1682 1297 2055 1297 2055 1714 2115 1714
1687 1361 1830 1361 1830 1511 2006 1511
1775 1571 1776 1571 1776 1601 1878 1601
1910 1897 1910 1966 2120 1966 2120 2065
2061 1849 2042 1849 2042 2088 1806 2088
1996 1783 2026 1783 2026 1775 2081 1775
1825 1806 1825 1867 1769 1867 1769 2231
1924 2021 1923 2021 1923 2213 1665 2213
1694 1965 1693 1965 1693 2187 1650 2187
1791 2573 1792 2573 1792 2529 1978 2529
2065 2375 1717 2375 1717 2704 1624 2704
1662 2579 1663 2579 1663 2370 1999 2370
1879 2355 1965 2355 1965 2524 1974 2524
1799 2316 1800 2316 1800 2348 1814 2348
1821 2768 2036 2768 2036 2552 2087 2552
1985 3056 1984 3056 1984 3019 1708 3019
1698 3280 1699 3280 1699 3274 1994 3274
1922 3057 1895 3057 1895 2847 1711 2847
1976 3241 1975 3241 1975 3254 1630 3254
2037 3033 2036 3033 2036 3177 2000 3177
1864 2883 1864 3063 1723 3063 1723 3274
2291 1349 2316 1349 2316 1510 2448 1510
2375 1429 2374 1429 2374 1357 2242 1357
2146 1381 2147 1381 2147 1363 2216 1363
2263 1511 2264 1511 2264 1321 2455 1321
2521 1354 2520 1354 2520 1346 2505 1346
2186 1709 2242 1709 2242 1268 2557 1268
2496 1854 2495 1854 2495 1887 2218 1887
2584 1975 2583 1975 2583 1963 2203 1963
2632 1824 2632 1909 2138 1909 2138 1979
2361 1850 2245 1850 2245 2240 2185 2240
2403 1888 2271 1888 2271 2124 2204 2124
2282 1917 2282 2082 2514 2082 2514 2119
2427 2568 2577 2568 2577 2380 2619 2380
2351 2347 2351 2499 2247 2499 2247 2736
2495 2631 2340 2631 2340 2600 2138 2600
2448 2628 2449 2628 2449 2583 2563 2583
2442 2628 2128 2628 2128 2568 2124 2568
2593 2643 2592 2643 2592 2534 2569 2534
2376 3268 2375 3268 2375 3037 2321 3037
2583 3098 2497 3098 2497 2827 2380 2827
2500 3257 2499 3257 2499 3102 2413 3102
2296 3082 2296 3068 2202 3068 2202 2906
2224 3177 2224 3129 2439 3129 2439 3107
2318 3211 2318 3030 2508 3030 2508 2965
3103 1649 3103 1326 2933 1326 2933 1319
3119 1743 3103 1743 3103 1655 2674 1655
2760 1268 2921 1268 2921 1422 3043 1422
3012 1512 2943 1512 2943 1632 2730 1632
2675 1464 2676 1464 2676 1398 2693 1398
2655 1649 2655 1650 2962 1650 2962 1747
2942 2202 2943 2202 2943 1922 2967 1922
2877 2010 2878 2010 2878 2117 3038 2117
2836 1805 2837 1805 2837 1808 3090 1808
3028 2269 3028 1865 2838 1865 2838 1798
2878 1957 2879 1957 2879 1941 2993 1941
2762 1923 2756 1923 2756 1767 2707 1767
3041 2531 3075 2531 3075 2702 3108 2702
2836 2561 2840 2561 2840 2343 3009 2343
2811 2508 2840 2508 2840 2421 3079 2421
2874 2309 2873 2309 2873 2307 2854 2307
3115 2690 3115 2734 2755 2734 2755 2749
2825 2511 2834 2511 2834 2554 2911 2554
3124 2869 3124 3072 2811 3072 2811 3129
2956 3203 2955 3203 2955 2972 2875 2972
2715 2879 2715 3036 2646 3036 2646 3158
3068 2803 3039 2803 3039 3145 3033 3145
3020 2839 3012 2839 3012 3099 2949 3099
3113 2826 3112 2826 3112 3242 2998 3242
1975 1754 1974 1754 1974 1747 1504 1747
1295 1748 1518 1748 1518 1788 1588 1788
1753 1748 1827 1748 1827 1769 2065 1769
1948 1767 1947 1767 1947 1755 1411 1755
1703 1742 2082 1742 2082 1777 2114 1777
1134 2254 1135 2254 1135 2288 1151 2288
1160 2289 1187 2289 1187 2258 1322 2258
2110 2262 2109 2262 2109 2254 1514 2254
1144 2297 1143 2297 1143 2293 1120 2293
1676 2255 1677 2255 1677 2277 2096 2277
1164 2794 1165 2794 1165 2780 1994 2780
1438 2780 1439 2780 1439 2812 2094 2812
1957 2802 1941 2802 1941 2782 1545 2782
1596 2791 1585 2791 1585 2766 1321 2766
2035 2766 1697 2766 1697 2802 1159 2802
1741 1785 1920 1785 1920 1761 2569 1761
1853 1778 1854 1778 1854 1773 2265 1773
1771 1784 2408 1784 2408 1787 2591 1787
1724 1743 1725 1743 1725 1786 1772 1786
2025 1781 1992 1781 1992 1777 1889 1777
2486 2290 2397 2290 2397 2282 1742 2282
1888 2289 1672 2289 1672 2300 1663 2300
2486 2278 2485 2278 2485 2286 1770 2286
1974 2258 1975 2258 1975 2275 2274 2275
2082 2289 2126 2289 2126 2293 2454 2293
2413 2814 2414 2814 2414 2780 2528 2780
1746 2805 1747 2805 1747 2794 2102 2794
1730 2763 1731 2763 1731 2769 1987 2769
1816 2766 1816 2769 2444 2769 2444 2771
1833 2799 1993 2799 1993 2805 2557 2805
2756 1782 2706 1782 2706 1764 2237 1764
2720 1739 2273 1739 2273 1766 2242 1766
2340 1756 2341 1756 2341 1782 2343 1782
3020 1775 3019 1775 3019 1770 2291 1770
2478 1788 2479 1788 2479 1753 2550 1753
2664 2257 2663 2257 2663 2279 2585 2279
2398 2288 2399 2288 2399 2259 2471 2259
2582 2279 2583 2279 2583 2261 2869 2261
2304 2273 2303 2273 2303 2258 2211 2258
2978 2258 2982 2258 2982 2296 2997 2296
2865 2798 2865 2765 2472 2765 2472 2763
2231 2796 2230 2796 2230 2766 2161 2766
2806 2764 2387 2764 2387 2791 2159 2791
2126 2771 2127 2771 2127 2773 2420 2773
3086 2789 3085 2789 3085 2785 2417 2785
1635 2016 1612 2016 1612 2228 1585 2228
1608 1848 1608 1867 1627 1867 1627 1884
1615 1681 1615 1930 1592 1930 1592 2049
1611 2239 1612 2239 1612 1427 1613 1427
1634 2035 1612 2035 1612 2201 1606 2201
1589 2042 1589 2120 1586 2120 1586 2438
1602 2642 1603 2642 1603 2345 1606 2345
1623 2048 1622 2048 1622 1837 1605 1837
1609 2065 1610 2065 1610 1922
1595 2774 1595 2725 1606 2725 1606 2626
1588 2982 1597 2982 1597 2562 1616 2562
1632 3201 1623 3201 1623 2439 1612 2439
1602 2372 1603 2372 1603 3040 1630 3040
1624 2343 1623 2343 1623 3231 1587 3231
1618 2776 1617 2776 1617 2763 1594 2763
2097 2013 2097 1441 2112 1441 2112 1292
2137 1767 2138 1767 2138 1770
2096 1387 2097 1387 2097 1830 2103 1830
2134 1274 2133 1274 2133 1280 2132 1280
2139 1991 2137 1991 2137 1925 2118 1925
2114 2066 2115 2066 2115 2637 2142 2637
2142 2775 2111 2775 2111 2505
2134 2194 2133 2194 2133 1766 2132 1766
2117 2184 2118 2184 2118 2361 2120 2361
2129 2604 2129 2273 2132 2273 2132 1987
2138 2456 2138 2528 2100 2528 2100 2829
2117 2649 2117 2537 2125 2537 2125 2290
2146 3003 2145 3003 2145 3246 2137 3246
2133 2475 2132 2475 2132 2724 2127 2724
2129 2971 2111 2971 2111 2626 2110 2626
2653 1534 2653 1651 2656 1651 2656 1762
2629 1290 2629 1488 2643 1488 2643 1988
2633 1952 2634 1952 2634 1551 2651 1551
2654 1920 2653 1920 2653 1384 2619 1384
2630 2078 2629 2078 2629 2105 2621 2105
2641 2239 2642 2239 2642 1920 2643 1920
2654 2524 2653 2524 2653 2571 2630 2571
2633 2319 2633 2118 2610 2118 2610 1861
2618 1849 2618 2154 2646 2154 2646 2601
2647 1958 2647 2013 2632 2013 2632 2462
2655 3035 2636 3035 2636 2909
2628 2859 2627 2859 2627 2407 2626 2407
2621 2766 2622 2766 2622 3200 2641 3200
2643 2998 2643 3052 2637 3052 2637 3085
2629 2354 2630 2354 2630 2683 2642 2683
2726 2409 2676 2409 2676 2741 1212 2741
2581 1335 2751 1335 2751 2485 2839 2485
2801 1725 2782 1725 2782 2175 2627 2175
2388 1513 2388 1758 1467 1758 1467 1942
1301 2700 1301 2314 2883 2314 2883 1826
2418 2701 2564 2701 2564 1912 2575 1912
2296 1765 2268 1765 2268 1785 2244 1785
2714 2841 2113 2841 2113 1990 1604 1990
2544 1372 3091 1372 3091 2863 3113 2863
1322 1866 2004 1866 2004 2094 2413 2094
2247 1427 2722 1427 2722 3188 2815 3188
1435 2454 1435 2349 2931 2349 2931 1696
1464 1838 1464 2144 2878 2144 2878 2825
1735 2053 1698 2053 1698 2975
2102 1924 2103 1924 2103 3120 2303 3120
2192 2523 2192 1718 1725 1718 1725 1492
2015 2493 2015 2311 1329 2311 1329 1984
1667 2762 2032 2762 2032 2487 2576 2487
2463 1655 2460 1655 2460 1277 2317 1277
2639 1882 2639 2000 2272 2000 2272 2179
2699 2355 2699 2362 1696 2362 1696 2422
1517 3199 1517 2634 1339 2634 1339 1407
1127 3050 1127 2083 1222 2083 1222 1881
1372 1873 1371 1873 1371 1850 1305 1850
1833 2215 1833 2981 1259 2981 1259 3181
1618 1893 1584 1893 1584 2476 1469 2476
1547 2109 1549 2109 1549 1726 1814 1726
2091 1345 2088 1345 2088 3086 1701 3086
2017 2542 2017 2093 1874 2093 1874 1778
1788 1424 1584 1424 1584 2797 1485 2797
1585 2238 1536 2238 1536 2297 1524 2297
1309 2722 1309 3041 1829 3041 1829 3142
1880 1930 1649 1930 1649 2260 1567 2260
1765 1837 1765 1809 1475 1809 1475 1728
1181 1601 1496 1601 1496 1417 1564 1417
1515 1704 1516 1704 1516 1719 1983 1719
1529 1492 1717 1492 1717 1599 1945 1599
1340 1484 1717 1484 1717 1654 1858 1654
1978 1404 1977 1404 1977 1616 1865 1616
1982 1412 1918 1412 1918 1271 1515 1271
1385 1710 1496 1710 1496 1468 1663 1468
1754 1513 2007 1513 2007 1456 2083 1456
1707 1461 1708 1461 1708 1383 1814 1383
1983 1310 1984 1310 1984 1299 2026 1299
1835 1521 1829 1521 1829 1391 1779 1391
1610 1630 1625 1630 1625 1373 1796 1373
1845 1472 1846 1472 1846 1521 1946 1521
1891 1253 1788 1253 1788 1387 1753 1387
1835 1378 1836 1378 1836 1334 1913 1334
1762 1485 1971 1485 1971 1376 2044 1376
2041 1309 2041 1315 1622 1315 1622 1505
2039 1390 1751 1390 1751 1420 1734 1420
2113 1368 2053 1368 2053 1311 1961 1311
2044 1269 2025 1269 2025 1353 1838 1353
1623 1279 1731 1279 1731 1267 1867 1267
1919 1380 1920 1380 1920 1319 2000 1319
1707 1359 1707 1336 1825 1336 1825 1297
2112 1314 2111 1314 2111 1260 1791 1260
1847 1281 1846 1281 1846 1313 1789 1313
1908 1284 1909 1284 1909 1292 2049 1292
1838 1289 1728 1289 1728 1275 1654 1275
1611 1305 1612 1305 1612 1275 2118 1275
1776 1254 1729 1254 1729 1274 1649 1274
1777 1253 1778 1253 1778 1274 1951 1274
1789 1284 1789 1278 1981 1278 1981 1267
1729 1281 1730 1281 1730 1265 1774 1265
2068 1257 2067 1257 2067 1262 1747 1262
